G1 unweighted
16 1
17 1
18 1
19 1
20 1
21 1
22 1
28 1
32 1
38 1
74 1
6 2
7 2
9 2
10 2
13 2
15 2
16 2
17 2
18 2
19 2
20 2
21 2
22 2
28 2
30 2
31 2
32 2
34 2
35 2
36 2
38 2
39 2
49 2
51 2
53 2
72 2
74 2
2 3
4 3
5 3
6 3
7 3
8 3
9 3
10 3
11 3
12 3
13 3
14 3
15 3
16 3
17 3
18 3
19 3
20 3
21 3
22 3
24 3
28 3
30 3
31 3
32 3
34 3
35 3
36 3
38 3
39 3
40 3
49 3
51 3
52 3
53 3
72 3
74 3
2 4
3 4
5 4
6 4
7 4
8 4
9 4
10 4
11 4
12 4
13 4
14 4
15 4
16 4
17 4
18 4
19 4
20 4
21 4
22 4
24 4
28 4
30 4
31 4
32 4
34 4
35 4
36 4
38 4
39 4
40 4
49 4
51 4
52 4
53 4
72 4
74 4
2 5
3 5
4 5
6 5
7 5
8 5
9 5
10 5
11 5
12 5
13 5
14 5
15 5
16 5
17 5
18 5
19 5
20 5
21 5
22 5
24 5
28 5
30 5
31 5
32 5
34 5
35 5
36 5
38 5
39 5
40 5
49 5
51 5
52 5
53 5
72 5
74 5
2 6
3 6
4 6
5 6
7 6
8 6
9 6
10 6
11 6
12 6
13 6
14 6
15 6
16 6
17 6
18 6
19 6
20 6
21 6
22 6
24 6
28 6
30 6
31 6
32 6
34 6
35 6
36 6
38 6
39 6
40 6
49 6
51 6
52 6
53 6
72 6
74 6
2 7
3 7
4 7
5 7
6 7
8 7
9 7
10 7
11 7
12 7
13 7
14 7
15 7
16 7
17 7
18 7
19 7
20 7
21 7
22 7
24 7
28 7
30 7
31 7
32 7
34 7
35 7
36 7
38 7
39 7
40 7
49 7
51 7
52 7
53 7
72 7
74 7
2 8
3 8
4 8
5 8
6 8
7 8
9 8
10 8
11 8
12 8
13 8
14 8
15 8
16 8
17 8
18 8
19 8
20 8
21 8
22 8
24 8
28 8
30 8
31 8
32 8
34 8
35 8
36 8
38 8
39 8
40 8
49 8
51 8
52 8
53 8
72 8
74 8
2 9
3 9
4 9
5 9
6 9
7 9
8 9
10 9
11 9
12 9
13 9
14 9
15 9
16 9
17 9
18 9
19 9
20 9
21 9
22 9
24 9
28 9
30 9
31 9
32 9
34 9
35 9
36 9
38 9
39 9
40 9
49 9
51 9
52 9
53 9
72 9
74 9
2 10
3 10
4 10
5 10
6 10
7 10
8 10
9 10
11 10
12 10
13 10
14 10
15 10
16 10
17 10
18 10
19 10
20 10
21 10
22 10
24 10
28 10
30 10
31 10
32 10
34 10
35 10
36 10
38 10
39 10
40 10
49 10
51 10
52 10
53 10
72 10
74 10
2 11
3 11
4 11
5 11
6 11
7 11
8 11
9 11
10 11
12 11
13 11
14 11
15 11
16 11
17 11
18 11
19 11
20 11
21 11
22 11
24 11
28 11
30 11
31 11
32 11
34 11
35 11
36 11
38 11
39 11
40 11
49 11
51 11
52 11
53 11
72 11
74 11
2 12
3 12
4 12
5 12
6 12
7 12
8 12
9 12
10 12
11 12
13 12
14 12
15 12
16 12
17 12
18 12
19 12
20 12
21 12
22 12
24 12
28 12
30 12
31 12
32 12
34 12
35 12
36 12
38 12
39 12
40 12
49 12
51 12
52 12
53 12
72 12
74 12
2 13
3 13
4 13
5 13
6 13
7 13
8 13
9 13
10 13
11 13
12 13
14 13
15 13
16 13
17 13
18 13
19 13
20 13
21 13
22 13
24 13
28 13
30 13
31 13
32 13
34 13
35 13
36 13
38 13
39 13
40 13
49 13
51 13
52 13
53 13
72 13
74 13
6 14
10 14
15 14
16 14
17 14
18 14
19 14
20 14
21 14
22 14
28 14
30 14
32 14
34 14
35 14
36 14
38 14
39 14
49 14
53 14
72 14
74 14
2 15
3 15
4 15
5 15
6 15
7 15
8 15
9 15
10 15
11 15
12 15
13 15
14 15
16 15
17 15
18 15
19 15
20 15
21 15
22 15
24 15
28 15
30 15
31 15
32 15
34 15
35 15
36 15
38 15
39 15
40 15
49 15
51 15
52 15
53 15
72 15
74 15
1 16
2 16
3 16
4 16
5 16
6 16
7 16
8 16
9 16
10 16
11 16
12 16
13 16
14 16
15 16
27 16
28 16
29 16
30 16
31 16
32 16
38 16
74 16
1 17
2 17
3 17
4 17
5 17
6 17
7 17
8 17
9 17
10 17
11 17
12 17
13 17
14 17
15 17
27 17
28 17
29 17
30 17
31 17
32 17
38 17
74 17
1 18
2 18
3 18
4 18
5 18
6 18
7 18
8 18
9 18
10 18
11 18
12 18
13 18
14 18
15 18
27 18
28 18
29 18
30 18
31 18
32 18
35 18
36 18
38 18
49 18
52 18
53 18
72 18
74 18
1 19
2 19
3 19
4 19
5 19
6 19
7 19
8 19
9 19
10 19
11 19
12 19
13 19
14 19
15 19
21 19
27 19
28 19
29 19
30 19
31 19
32 19
34 19
35 19
36 19
38 19
39 19
49 19
51 19
52 19
53 19
72 19
74 19
1 20
2 20
3 20
4 20
5 20
6 20
7 20
8 20
9 20
10 20
11 20
12 20
13 20
14 20
15 20
27 20
28 20
29 20
30 20
31 20
32 20
38 20
39 20
53 20
74 20
1 21
2 21
3 21
4 21
5 21
6 21
7 21
8 21
9 21
10 21
11 21
12 21
13 21
14 21
15 21
20 21
27 21
28 21
29 21
30 21
31 21
32 21
34 21
35 21
36 21
38 21
39 21
49 21
51 21
53 21
72 21
74 21
1 22
2 22
3 22
4 22
5 22
6 22
7 22
8 22
9 22
10 22
11 22
12 22
13 22
14 22
15 22
27 22
28 22
29 22
30 22
31 22
32 22
38 22
74 22
2 24
3 24
4 24
5 24
6 24
7 24
8 24
9 24
10 24
11 24
12 24
13 24
14 24
15 24
18 24
19 24
20 24
21 24
30 24
31 24
34 24
35 24
36 24
39 24
40 24
49 24
51 24
52 24
53 24
72 24
54 25
1 27
2 27
3 27
4 27
5 27
6 27
7 27
8 27
9 27
10 27
11 27
12 27
13 27
14 27
15 27
16 27
17 27
18 27
19 27
20 27
21 27
22 27
74 27
1 28
2 28
3 28
4 28
5 28
6 28
7 28
8 28
9 28
10 28
11 28
12 28
13 28
14 28
15 28
16 28
17 28
18 28
19 28
20 28
21 28
22 28
74 28
16 29
17 29
18 29
19 29
20 29
21 29
22 29
32 29
33 29
34 29
35 29
36 29
38 29
74 29
75 29
10 30
15 30
16 30
17 30
18 30
19 30
20 30
21 30
22 30
32 30
33 30
34 30
35 30
36 30
38 30
53 30
74 30
75 30
10 31
11 31
15 31
16 31
17 31
18 31
19 31
20 31
21 31
22 31
32 31
33 31
34 31
35 31
36 31
37 31
38 31
42 31
44 31
45 31
46 31
47 31
48 31
53 31
56 31
57 31
58 31
67 31
69 31
70 31
74 31
75 31
76 31
77 31
78 31
79 31
83 31
84 31
85 31
86 31
87 31
88 31
89 31
90 31
1 32
2 32
3 32
4 32
5 32
6 32
7 32
8 32
9 32
10 32
11 32
12 32
13 32
14 32
15 32
16 32
17 32
18 32
19 32
20 32
21 32
22 32
29 32
30 32
31 32
38 32
73 32
74 32
75 32
29 33
30 33
31 33
32 33
38 33
74 33
75 33
10 34
15 34
29 34
30 34
31 34
32 34
38 34
53 34
74 34
75 34
10 35
15 35
29 35
30 35
31 35
32 35
38 35
53 35
74 35
75 35
10 36
15 36
29 36
30 36
31 36
32 36
38 36
53 36
74 36
75 36
1 37
2 37
3 37
4 37
5 37
6 37
7 37
8 37
9 37
10 37
11 37
12 37
13 37
14 37
15 37
16 37
17 37
18 37
19 37
20 37
21 37
22 37
27 37
29 37
30 37
31 37
36 37
42 37
44 37
45 37
46 37
47 37
48 37
56 37
57 37
58 37
60 37
61 37
62 37
63 37
64 37
67 37
68 37
69 37
70 37
71 37
72 37
73 37
76 37
77 37
78 37
79 37
83 37
84 37
85 37
86 37
87 37
88 37
89 37
90 37
91 37
92 37
93 37
1 38
2 38
3 38
4 38
5 38
6 38
7 38
8 38
9 38
10 38
11 38
12 38
13 38
14 38
15 38
16 38
17 38
18 38
19 38
20 38
21 38
22 38
23 38
27 38
29 38
30 38
31 38
32 38
33 38
34 38
35 38
36 38
37 38
46 38
50 38
54 38
55 38
57 38
58 38
59 38
60 38
63 38
64 38
66 38
67 38
68 38
71 38
72 38
73 38
74 38
78 38
79 38
80 38
81 38
82 38
83 38
85 38
86 38
89 38
90 38
92 38
93 38
10 39
15 39
53 39
10 40
15 40
53 40
31 42
37 42
44 42
45 42
46 42
47 42
48 42
56 42
57 42
58 42
60 42
61 42
62 42
63 42
64 42
65 42
67 42
68 42
69 42
71 42
76 42
77 42
78 42
79 42
83 42
84 42
85 42
86 42
87 42
88 42
89 42
90 42
91 42
92 42
93 42
44 43
45 43
46 43
48 43
56 43
57 43
58 43
60 43
61 43
62 43
63 43
64 43
65 43
67 43
68 43
69 43
70 43
71 43
76 43
78 43
79 43
83 43
84 43
85 43
86 43
87 43
88 43
89 43
90 43
91 43
92 43
93 43
31 44
37 44
46 44
47 44
48 44
56 44
57 44
58 44
60 44
61 44
62 44
63 44
64 44
65 44
67 44
68 44
71 44
77 44
79 44
83 44
84 44
85 44
86 44
87 44
88 44
89 44
90 44
91 44
92 44
93 44
31 45
37 45
42 45
43 45
46 45
47 45
48 45
56 45
57 45
58 45
60 45
61 45
62 45
63 45
64 45
65 45
67 45
68 45
69 45
70 45
71 45
77 45
78 45
79 45
83 45
84 45
85 45
86 45
87 45
88 45
89 45
90 45
91 45
92 45
93 45
31 46
37 46
47 46
56 46
57 46
58 46
62 46
63 46
64 46
67 46
68 46
71 46
83 46
84 46
86 46
87 46
88 46
89 46
90 46
31 47
37 47
42 47
44 47
45 47
48 47
56 47
57 47
58 47
62 47
63 47
64 47
65 47
67 47
69 47
70 47
77 47
83 47
84 47
85 47
86 47
87 47
88 47
89 47
90 47
91 47
92 47
93 47
31 48
42 48
43 48
46 48
47 48
56 48
57 48
58 48
60 48
61 48
62 48
63 48
64 48
65 48
67 48
69 48
70 48
71 48
77 48
78 48
83 48
84 48
85 48
86 48
87 48
88 48
89 48
90 48
91 48
92 48
93 48
10 49
12 49
15 49
52 49
53 49
2 51
3 51
4 51
5 51
6 51
7 51
8 51
9 51
10 51
11 51
12 51
13 51
14 51
15 51
18 51
19 51
20 51
21 51
24 51
30 51
31 51
34 51
35 51
36 51
39 51
40 51
49 51
52 51
53 51
72 51
2 52
3 52
5 52
9 52
10 52
15 52
18 52
19 52
21 52
24 52
31 52
34 52
35 52
36 52
39 52
40 52
53 52
10 53
15 53
20 53
34 53
39 53
40 53
25 54
26 54
55 54
74 54
38 55
54 55
73 55
74 55
37 56
42 56
43 56
44 56
45 56
46 56
47 56
48 56
62 56
63 56
64 56
67 56
69 56
71 56
76 56
77 56
79 56
83 56
84 56
85 56
86 56
87 56
88 56
89 56
90 56
1 57
2 57
3 57
4 57
5 57
6 57
7 57
8 57
9 57
10 57
11 57
12 57
13 57
14 57
15 57
16 57
17 57
18 57
19 57
20 57
21 57
22 57
27 57
29 57
30 57
31 57
36 57
37 57
42 57
43 57
44 57
45 57
46 57
47 57
48 57
62 57
63 57
64 57
67 57
68 57
69 57
71 57
72 57
73 57
76 57
77 57
78 57
79 57
83 57
84 57
85 57
86 57
87 57
88 57
89 57
90 57
1 58
2 58
3 58
4 58
5 58
6 58
7 58
8 58
9 58
10 58
11 58
12 58
13 58
14 58
15 58
16 58
17 58
18 58
19 58
20 58
21 58
22 58
23 58
27 58
29 58
30 58
31 58
36 58
37 58
38 58
42 58
43 58
44 58
45 58
46 58
47 58
48 58
50 58
54 58
55 58
60 58
62 58
63 58
64 58
67 58
69 58
71 58
72 58
73 58
76 58
77 58
78 58
79 58
82 58
83 58
84 58
85 58
86 58
87 58
88 58
89 58
90 58
42 60
43 60
67 60
76 60
77 60
78 60
79 60
83 60
84 60
85 60
86 60
87 60
88 60
89 60
90 60
42 61
43 61
67 61
76 61
77 61
78 61
79 61
83 61
84 61
85 61
86 61
87 61
88 61
89 61
90 61
31 62
37 62
42 62
43 62
44 62
45 62
46 62
47 62
48 62
56 62
57 62
58 62
60 62
61 62
67 62
69 62
70 62
71 62
77 62
78 62
79 62
83 62
84 62
85 62
86 62
87 62
88 62
89 62
90 62
91 62
92 62
93 62
31 63
37 63
42 63
43 63
44 63
45 63
46 63
47 63
48 63
56 63
57 63
58 63
60 63
61 63
67 63
69 63
70 63
71 63
77 63
78 63
79 63
83 63
84 63
85 63
86 63
87 63
88 63
89 63
90 63
91 63
92 63
93 63
16 64
17 64
18 64
19 64
20 64
21 64
22 64
23 64
27 64
29 64
30 64
31 64
36 64
37 64
41 64
42 64
43 64
44 64
45 64
46 64
47 64
48 64
50 64
54 64
55 64
56 64
57 64
58 64
59 64
60 64
61 64
63 64
66 64
67 64
68 64
69 64
70 64
71 64
72 64
73 64
77 64
78 64
79 64
80 64
81 64
82 64
83 64
84 64
85 64
86 64
87 64
88 64
89 64
90 64
91 64
92 64
93 64
42 65
43 65
44 65
45 65
46 65
47 65
48 65
56 65
57 65
58 65
60 65
61 65
67 65
69 65
70 65
71 65
77 65
79 65
83 65
84 65
85 65
86 65
87 65
88 65
89 65
90 65
91 65
92 65
93 65
1 67
2 67
3 67
4 67
5 67
6 67
7 67
8 67
9 67
10 67
11 67
12 67
13 67
14 67
15 67
16 67
17 67
18 67
19 67
20 67
21 67
22 67
23 67
27 67
29 67
30 67
31 67
37 67
38 67
41 67
42 67
43 67
44 67
45 67
46 67
48 67
50 67
54 67
55 67
56 67
57 67
58 67
59 67
60 67
61 67
62 67
63 67
64 67
65 67
66 67
68 67
69 67
70 67
71 67
73 67
76 67
77 67
78 67
79 67
80 67
81 67
82 67
83 67
84 67
85 67
86 67
87 67
88 67
89 67
90 67
91 67
92 67
93 67
42 68
43 68
44 68
45 68
46 68
48 68
65 68
67 68
69 68
70 68
76 68
77 68
78 68
79 68
83 68
84 68
85 68
86 68
87 68
88 68
89 68
90 68
37 69
46 69
48 69
56 69
57 69
58 69
60 69
61 69
62 69
63 69
64 69
65 69
67 69
68 69
83 69
84 69
85 69
86 69
87 69
88 69
89 69
90 69
91 69
92 69
93 69
94 69
37 70
42 70
43 70
44 70
45 70
46 70
48 70
56 70
57 70
58 70
60 70
61 70
62 70
63 70
64 70
65 70
67 70
68 70
71 70
78 70
79 70
83 70
84 70
85 70
86 70
87 70
88 70
89 70
90 70
91 70
92 70
93 70
94 70
37 71
42 71
43 71
44 71
45 71
46 71
47 71
48 71
56 71
57 71
58 71
60 71
61 71
62 71
63 71
64 71
65 71
67 71
68 71
69 71
70 71
76 71
77 71
78 71
79 71
83 71
84 71
85 71
86 71
87 71
88 71
89 71
90 71
91 71
92 71
93 71
10 72
15 72
53 72
38 73
55 73
74 73
1 74
2 74
3 74
4 74
5 74
6 74
7 74
8 74
9 74
10 74
11 74
12 74
13 74
14 74
15 74
16 74
17 74
18 74
19 74
20 74
21 74
22 74
27 74
28 74
29 74
30 74
31 74
38 74
54 74
55 74
73 74
16 75
17 75
18 75
19 75
20 75
21 75
22 75
29 75
30 75
31 75
32 75
33 75
34 75
35 75
36 75
31 76
37 76
43 76
46 76
67 76
68 76
71 76
77 76
78 76
79 76
83 76
84 76
85 76
86 76
87 76
88 76
89 76
90 76
31 77
37 77
46 77
47 77
48 77
62 77
63 77
64 77
65 77
67 77
68 77
71 77
76 77
78 77
79 77
83 77
84 77
85 77
86 77
87 77
88 77
89 77
90 77
31 78
37 78
43 78
46 78
48 78
56 78
57 78
58 78
67 78
71 78
76 78
77 78
83 78
84 78
85 78
86 78
87 78
88 78
89 78
90 78
31 79
37 79
43 79
46 79
56 79
57 79
58 79
67 79
71 79
76 79
77 79
83 79
84 79
85 79
86 79
87 79
88 79
89 79
90 79
31 83
37 83
42 83
43 83
44 83
45 83
46 83
47 83
48 83
56 83
57 83
58 83
60 83
61 83
62 83
63 83
64 83
65 83
67 83
68 83
69 83
70 83
71 83
76 83
77 83
78 83
79 83
84 83
85 83
86 83
87 83
88 83
89 83
90 83
91 83
92 83
93 83
94 83
31 84
37 84
42 84
43 84
44 84
45 84
46 84
56 84
57 84
58 84
60 84
61 84
62 84
63 84
64 84
65 84
67 84
69 84
70 84
76 84
77 84
78 84
79 84
83 84
85 84
86 84
87 84
88 84
89 84
90 84
94 84
31 85
37 85
42 85
43 85
44 85
45 85
46 85
48 85
56 85
57 85
58 85
60 85
61 85
62 85
63 85
64 85
65 85
67 85
68 85
69 85
70 85
76 85
77 85
78 85
79 85
83 85
84 85
86 85
87 85
88 85
89 85
90 85
91 85
92 85
93 85
94 85
31 86
37 86
42 86
43 86
44 86
45 86
46 86
48 86
56 86
57 86
58 86
60 86
61 86
62 86
63 86
64 86
65 86
67 86
68 86
69 86
70 86
76 86
77 86
78 86
79 86
83 86
84 86
85 86
87 86
88 86
89 86
90 86
91 86
92 86
93 86
94 86
37 87
42 87
43 87
44 87
45 87
46 87
48 87
56 87
57 87
58 87
60 87
61 87
62 87
63 87
64 87
65 87
67 87
68 87
69 87
70 87
71 87
76 87
77 87
78 87
79 87
83 87
84 87
85 87
86 87
88 87
89 87
90 87
94 87
37 88
42 88
43 88
44 88
45 88
46 88
48 88
56 88
57 88
58 88
60 88
61 88
62 88
63 88
64 88
65 88
67 88
68 88
69 88
70 88
71 88
76 88
77 88
78 88
79 88
83 88
84 88
85 88
86 88
87 88
89 88
90 88
94 88
37 89
42 89
43 89
44 89
45 89
46 89
48 89
56 89
57 89
58 89
60 89
61 89
62 89
63 89
64 89
65 89
67 89
68 89
69 89
70 89
71 89
76 89
77 89
78 89
79 89
83 89
84 89
85 89
86 89
87 89
88 89
90 89
94 89
37 90
42 90
43 90
44 90
45 90
46 90
48 90
56 90
57 90
58 90
60 90
61 90
62 90
63 90
64 90
65 90
67 90
68 90
69 90
70 90
71 90
76 90
77 90
78 90
79 90
83 90
84 90
85 90
86 90
87 90
88 90
89 90
94 90
17 91
22 91
23 91
36 91
37 91
42 91
43 91
44 91
45 91
47 91
48 91
50 91
54 91
55 91
56 91
57 91
58 91
62 91
63 91
64 91
65 91
67 91
68 91
69 91
70 91
72 91
76 91
77 91
78 91
79 91
83 91
84 91
85 91
86 91
87 91
88 91
89 91
90 91
1 92
2 92
3 92
4 92
5 92
6 92
7 92
8 92
9 92
10 92
11 92
12 92
13 92
14 92
15 92
16 92
17 92
18 92
19 92
20 92
21 92
22 92
23 92
27 92
29 92
30 92
31 92
36 92
37 92
38 92
42 92
43 92
44 92
45 92
46 92
47 92
48 92
50 92
54 92
55 92
56 92
57 92
58 92
60 92
62 92
63 92
64 92
65 92
67 92
68 92
69 92
70 92
72 92
73 92
76 92
77 92
78 92
79 92
82 92
83 92
84 92
85 92
86 92
87 92
88 92
89 92
90 92
17 93
22 93
23 93
27 93
29 93
30 93
31 93
36 93
37 93
42 93
43 93
44 93
45 93
46 93
47 93
48 93
50 93
54 93
55 93
56 93
57 93
58 93
62 93
63 93
64 93
65 93
67 93
68 93
69 93
70 93
72 93
73 93
76 93
77 93
78 93
79 93
83 93
84 93
85 93
86 93
87 93
88 93
89 93
90 93
83 94
84 94
85 94
86 94
