G1 weighted
1 2 2.5
1 1085 0.5
2 947 1
2 1085 0.5
3 4 0.25
3 5 0.25
3 6 0.25
3 7 0.25
4 5 0.25
4 6 0.25
4 7 0.25
5 6 0.25
5 7 0.25
6 7 0.25
8 9 1
8 10 3.167
8 11 1.167
8 12 0.667
10 11 1.167
10 12 0.667
10 1425 0.5
10 1426 1.5
10 1533 1
11 12 0.667
13 14 0.333
13 15 0.333
13 16 0.333
13 1048 0.25
13 1049 0.25
13 1050 0.25
13 1051 0.25
14 15 0.333
14 16 0.333
15 16 0.333
17 18 0.5
17 19 0.5
18 19 0.5
21 22 0.5
21 23 0.5
22 23 0.5
24 25 0.5
24 26 0.5
25 26 2.333
25 202 0.333
25 203 0.333
25 370 0.5
26 202 0.333
26 203 0.333
26 370 0.5
28 29 0.5
28 30 0.5
29 30 0.5
31 32 0.5
31 33 0.5
31 34 3.583
31 35 1.583
31 55 0.25
31 132 0.333
31 328 0.333
31 403 0.333
31 841 0.25
31 895 0.333
32 33 0.5
34 35 4.225
34 52 0.75
34 53 0.25
34 54 1.858
34 55 2.992
34 132 1.333
34 133 2.275
34 134 1.025
34 135 0.525
34 191 0.583
34 376 0.25
34 377 0.25
34 378 0.25
34 465 1
34 486 1
34 489 0.333
34 490 0.333
34 508 0.583
34 509 0.583
34 510 0.25
34 562 0.708
34 563 0.458
34 840 0.333
34 841 0.45
34 1009 0.5
34 1191 0.2
34 1192 0.2
34 1229 0.25
34 1230 0.25
34 1296 0.25
34 1530 0.5
34 1551 1.333
34 1552 0.333
35 54 0.775
35 55 1.158
35 132 0.333
35 133 0.525
35 134 1.025
35 135 0.525
35 562 0.375
35 563 0.125
35 653 0.25
35 655 1.25
35 656 0.25
35 658 0.25
35 757 0.5
35 761 0.5
35 762 0.333
35 763 0.333
35 764 0.333
35 840 0.333
35 841 0.45
35 866 0.5
35 1131 0.5
35 1191 0.2
35 1192 0.2
35 1551 0.833
35 1552 0.333
36 37 0.2
36 38 0.2
36 39 0.2
36 40 0.2
36 41 0.2
37 38 0.2
37 39 0.2
37 40 0.2
37 41 0.2
38 39 0.2
38 40 0.2
38 41 0.2
39 40 0.2
39 41 0.2
40 41 0.2
43 44 1
45 46 0.5
45 47 0.5
46 47 0.5
46 610 0.833
46 611 0.5
46 612 0.333
46 613 0.333
47 79 1
47 192 0.833
47 193 0.333
47 194 0.333
47 195 0.5
47 429 1.333
47 597 1
47 1362 1.333
47 1363 0.333
47 1364 1
48 49 0.333
48 50 0.333
48 51 0.333
49 50 0.333
49 51 0.333
49 217 0.333
49 218 0.333
49 219 0.333
50 51 0.333
52 53 0.25
52 54 0.25
52 55 0.25
52 56 0.5
52 57 0.5
52 58 1
52 59 1
52 1009 0.5
53 54 0.25
53 55 0.25
54 55 0.625
54 133 1.025
54 134 0.525
54 135 0.525
54 562 0.708
54 563 0.458
54 1025 0.5
54 1026 0.5
54 1316 0.25
54 1469 0.25
54 1470 0.25
54 1471 0.25
55 133 0.375
55 134 0.125
55 135 0.125
55 489 0.333
55 490 0.333
55 562 0.375
55 563 0.125
55 840 0.333
55 841 0.45
55 1191 0.2
55 1192 0.2
55 1229 0.25
55 1230 0.25
55 1530 0.5
55 1551 0.5
56 57 3.833
56 91 1
56 185 0.5
56 548 0.5
56 655 0.333
56 894 0.333
56 935 0.5
56 1462 0.5
57 185 0.5
57 548 0.5
57 655 0.333
57 894 0.333
57 935 0.5
57 1462 0.5
58 59 1
58 686 1
60 61 0.5
60 62 0.5
61 62 0.5
63 64 0.476
63 65 0.333
63 66 0.333
63 363 0.2
63 806 0.926
63 807 1.26
63 808 0.926
63 809 0.25
63 1017 1.333
63 1071 0.143
63 1072 0.676
63 1073 0.143
63 1074 0.143
63 1563 0.143
63 1564 0.143
63 1565 0.143
63 1566 0.143
63 1567 0.143
63 1568 0.143
64 65 0.333
64 66 0.333
64 1563 0.143
64 1564 0.143
64 1565 0.143
64 1566 0.143
64 1567 0.143
64 1568 0.143
65 66 0.333
65 796 0.25
65 797 0.25
65 798 0.25
65 799 0.25
67 68 0.5
67 69 0.5
68 69 0.5
70 71 0.833
70 72 2.167
70 73 0.917
70 98 1.833
70 311 0.5
70 710 0.667
70 711 0.333
70 758 0.75
70 759 0.75
70 978 0.25
70 1083 0.5
70 1084 0.5
71 72 0.833
71 73 0.333
72 73 0.667
72 150 1.167
72 151 0.667
72 152 1.167
72 158 0.5
72 159 0.5
72 710 0.333
72 737 0.5
72 738 0.5
73 236 1
73 444 0.5
73 710 0.333
73 739 0.5
73 758 0.25
73 759 0.25
73 978 0.25
74 75 0.333
74 76 0.333
74 77 0.333
75 76 0.333
75 77 0.333
76 77 0.333
77 523 1
77 1382 0.5
77 1589 0.5
78 79 0.333
78 80 0.333
78 81 0.333
79 80 0.333
79 81 0.333
79 122 1
79 282 1
79 306 0.583
79 307 0.25
79 308 0.25
79 309 1.583
79 310 3.333
79 371 0.5
79 372 2.5
79 491 0.5
79 642 1
79 647 2.5
79 757 0.5
79 760 0.5
79 854 0.5
79 1006 1
79 1122 0.5
79 1123 0.5
79 1124 0.5
79 1173 1
79 1196 0.333
79 1197 0.333
79 1198 0.333
80 81 0.333
82 83 0.5
82 84 0.5
83 84 0.5
83 564 1
83 1499 1
85 86 0.5
85 87 0.5
86 87 0.5
88 89 2.5
88 712 0.5
89 712 0.5
89 977 1
89 992 2
92 93 0.5
92 94 0.5
93 94 0.5
95 96 0.5
95 97 2.667
95 98 2.333
95 99 0.5
95 100 0.5
95 101 0.25
95 151 0.333
95 226 0.333
95 709 0.583
96 97 0.5
96 98 0.5
96 99 0.5
97 98 2.333
97 99 0.5
97 100 0.5
97 101 0.25
97 151 0.833
97 226 0.333
97 701 0.333
97 702 0.333
97 703 0.333
97 709 0.583
97 1178 0.5
97 1482 0.5
97 1483 0.5
98 99 0.5
98 100 0.5
98 101 0.25
98 311 0.5
98 709 0.583
98 710 0.333
98 711 0.333
100 101 1.25
100 709 0.25
103 104 0.5
103 105 0.5
104 105 0.5
106 107 0.5
106 108 0.5
107 108 0.5
107 860 1
109 110 1
112 113 1
114 115 1
115 1163 0.5
115 1164 0.5
117 118 1
118 936 0.25
118 937 0.25
118 938 0.25
118 939 0.25
119 120 1
119 440 0.5
119 442 0.5
121 122 1
122 549 0.333
122 550 0.333
122 551 1.833
122 765 0.833
122 766 0.333
122 1031 0.5
122 1256 0.833
123 124 0.5
123 125 0.5
124 125 0.5
127 128 0.7
127 129 0.5
127 771 0.2
127 772 0.2
127 773 0.2
127 774 0.2
128 129 0.75
128 152 0.333
128 518 0.333
128 771 0.2
128 772 0.2
128 773 0.2
128 774 0.2
128 1022 0.25
128 1023 0.25
128 1024 0.25
128 1461 0.333
129 1022 0.75
129 1023 0.25
129 1024 1.75
130 131 1
132 204 1
133 134 0.525
133 135 0.525
133 562 0.125
133 563 0.125
133 1229 0.25
133 1230 0.25
134 135 0.525
134 562 0.125
134 563 0.125
135 562 0.125
135 563 0.125
136 137 1
137 217 0.5
137 224 0.5
137 586 0.333
137 587 0.333
137 588 1.833
137 730 0.5
138 139 1
140 141 0.111
140 142 0.111
140 143 0.111
140 144 0.111
140 145 0.111
140 146 0.111
140 147 0.111
140 148 0.111
140 149 0.111
141 142 0.111
141 143 0.111
141 144 0.111
141 145 0.111
141 146 0.111
141 147 0.111
141 148 0.111
141 149 0.111
142 143 0.111
142 144 0.111
142 145 0.111
142 146 0.111
142 147 0.111
142 148 0.111
142 149 0.111
143 144 0.111
143 145 0.111
143 146 0.111
143 147 0.111
143 148 0.111
143 149 0.111
144 145 0.111
144 146 0.111
144 147 0.111
144 148 0.111
144 149 0.111
145 146 0.111
145 147 0.111
145 148 0.111
145 149 0.111
146 147 0.111
146 148 0.111
146 149 0.111
147 148 0.111
147 149 0.111
148 149 0.111
150 151 0.667
150 152 1.167
150 153 1
151 152 4.75
151 226 2.083
151 282 1.833
151 302 0.5
151 501 0.5
151 517 1.083
151 518 1.583
151 1178 0.5
151 1179 0.833
151 1222 0.5
151 1343 0.333
152 226 0.75
152 302 0.5
152 331 0.5
152 332 0.5
152 517 1.583
152 518 2.25
152 964 0.333
152 965 0.333
152 1089 0.5
152 1461 0.333
153 518 1
154 155 1.333
154 156 0.333
154 157 0.333
155 156 0.333
155 157 0.333
156 157 0.333
158 159 0.5
161 162 1
163 164 1
163 302 0.25
163 317 0.25
163 639 0.25
163 640 0.25
165 166 1
167 168 1
167 407 1
170 171 0.5
170 172 0.5
171 172 0.5
172 919 1
173 174 0.5
173 175 1.5
174 175 0.5
176 177 0.5
176 178 0.5
177 178 0.5
178 927 1
180 181 1
180 182 1
181 182 1
183 184 1
185 186 0.5
185 187 0.5
186 187 0.5
187 1163 1.25
187 1414 0.25
187 1415 0.25
187 1416 0.25
188 189 1.5
188 190 0.5
189 190 0.5
190 568 2.333
190 651 0.333
190 652 0.333
191 508 0.583
191 509 0.583
191 510 0.25
192 193 0.333
192 194 0.333
192 195 0.5
193 194 0.333
195 956 0.5
195 957 1.083
195 1136 0.583
195 1137 0.25
195 1138 0.25
195 1139 0.333
195 1385 0.5
195 1386 0.5
196 197 1.25
196 198 0.25
196 199 0.25
196 200 0.25
197 198 0.25
197 199 0.25
197 200 0.25
198 199 0.25
198 200 0.25
199 200 0.25
201 202 0.5
201 203 0.5
202 203 0.833
204 302 1.167
204 303 0.833
204 304 0.333
204 317 0.333
204 318 0.333
206 207 1
208 209 0.5
208 210 0.5
208 1478 0.5
208 1479 0.5
209 210 0.5
211 212 0.5
211 213 0.5
212 213 0.5
214 215 0.5
214 216 0.5
215 216 0.5
217 218 1.083
217 219 1.667
217 220 0.5
217 221 1.5
217 222 0.25
217 223 0.25
217 224 0.5
217 225 0.583
217 252 0.25
217 253 0.5
217 346 0.583
217 347 0.917
217 348 0.583
217 517 0.333
217 789 0.333
217 1042 0.333
217 1453 1
218 219 1.083
218 252 0.25
218 253 0.25
219 220 0.25
219 221 0.25
219 225 0.583
219 252 0.25
219 253 0.25
219 1042 0.333
220 221 0.5
220 222 0.583
220 223 1.75
220 225 0.25
220 344 2.476
220 474 0.5
220 698 0.143
220 1146 2.143
220 1283 0.333
220 1284 0.333
220 1395 0.143
220 1396 0.143
220 1397 0.143
220 1398 0.143
220 1561 0.333
220 1562 0.333
221 222 0.25
221 223 0.25
221 225 0.25
222 223 0.25
222 344 0.333
222 1146 0.333
223 474 0.5
225 1042 0.333
226 517 0.25
226 518 0.25
227 228 1
228 1075 1
229 230 1.333
229 231 0.333
229 232 0.333
230 231 0.333
230 232 0.333
231 232 0.333
234 235 0.5
234 236 0.5
235 236 0.5
238 239 1
240 241 1
240 242 1
240 1501 0.25
240 1502 0.25
240 1503 0.25
240 1504 0.25
243 244 1
244 928 1.25
244 1519 0.25
244 1520 0.25
244 1521 0.25
245 246 3.5
245 247 1
245 248 1
245 436 1
245 514 0.5
245 1231 1
246 436 1
246 514 0.5
248 416 0.333
248 1125 0.333
248 1126 0.333
249 250 0.5
249 251 0.5
250 251 0.5
252 253 0.25
253 346 0.25
253 347 0.25
253 348 0.25
255 256 1
255 257 0.5
255 1001 0.5
256 257 0.5
256 1001 0.5
259 260 1.333
259 1167 0.333
259 1168 0.333
260 1167 0.333
260 1168 0.333
261 262 1
263 264 0.143
263 265 0.143
263 266 0.143
263 267 0.143
263 268 0.143
263 269 0.143
263 270 0.143
264 265 0.143
264 266 0.676
264 267 0.676
264 268 0.143
264 269 0.676
264 270 0.143
264 945 0.2
264 946 0.2
265 266 0.143
265 267 0.143
265 268 0.143
265 269 0.143
265 270 0.143
266 267 0.926
266 268 0.143
266 269 0.926
266 270 0.143
266 308 0.25
266 909 0.25
266 945 0.2
266 946 0.2
267 268 0.143
267 269 0.926
267 270 0.143
267 308 0.25
267 909 0.25
267 945 0.2
267 946 0.2
268 269 0.143
268 270 0.143
269 270 0.143
269 308 0.25
269 909 0.25
269 945 0.2
269 946 0.2
271 272 1
274 275 0.5
274 276 0.5
275 276 0.5
276 607 0.333
276 608 0.333
276 609 0.333
277 278 0.5
277 279 0.5
278 279 1
278 402 0.167
278 403 0.167
278 404 0.5
278 405 0.167
278 406 0.167
278 596 0.333
279 402 0.167
279 403 0.167
279 404 0.5
279 405 0.167
279 406 0.167
279 596 0.333
280 281 0.167
280 282 0.167
280 283 0.167
280 284 0.167
280 285 0.167
280 286 0.167
281 282 0.167
281 283 0.167
281 284 0.167
281 285 0.167
281 286 0.167
282 283 0.167
282 284 3.167
282 285 0.167
282 286 0.167
282 575 2.5
282 576 0.5
282 577 0.5
282 1082 2
282 1179 0.833
282 1343 0.333
282 1344 0.5
282 1345 0.5
282 1452 0.5
283 284 0.167
283 285 0.167
283 286 0.167
283 451 1
284 285 0.167
284 286 0.167
284 575 0.5
284 1452 0.5
285 286 0.167
287 288 0.5
287 289 1
287 290 0.5
288 289 0.5
289 290 0.5
291 292 0.5
291 293 0.5
292 293 0.5
294 295 2.1
294 743 0.9
294 744 0.9
294 745 0.7
294 932 0.4
294 933 0.4
294 1279 0.2
294 1369 0.2
294 1370 0.2
295 743 1.9
295 744 1.4
295 745 2.7
295 747 0.333
295 861 0.2
295 932 0.4
295 933 0.4
295 1029 0.333
295 1030 0.333
295 1279 0.7
295 1369 0.2
295 1370 0.2
295 1465 0.2
295 1466 0.2
295 1467 0.2
295 1468 0.2
295 1554 0.333
295 1555 0.333
295 1556 0.333
297 298 1
297 299 0.333
297 300 0.333
297 301 1.333
299 300 0.333
299 301 0.333
300 301 0.333
301 974 1
301 1498 1
302 303 1.333
302 304 0.333
302 305 0.5
302 317 0.583
302 318 0.333
302 464 0.5
302 639 0.75
302 640 0.25
303 304 0.333
303 305 0.5
303 1183 1
304 500 1
304 1027 0.333
304 1417 0.333
304 1418 0.333
306 307 0.25
306 308 0.25
306 309 0.583
306 310 0.333
307 308 0.25
307 309 0.25
308 309 0.25
308 591 1
308 909 0.25
309 310 2.333
309 1040 0.5
309 1041 1.5
309 1550 1
310 372 0.5
310 491 1.5
310 492 0.5
310 494 0.5
312 313 1
314 315 0.5
314 316 0.5
315 316 0.5
315 1399 1
317 318 0.333
317 639 0.25
317 640 0.25
319 320 1
320 422 1
321 322 0.833
321 323 0.333
321 324 0.667
321 325 0.333
321 326 0.333
321 1271 0.5
322 323 0.333
322 324 0.333
322 1271 0.5
323 324 0.333
324 325 0.333
324 326 0.333
325 326 0.333
327 328 0.333
327 329 0.333
327 330 0.333
328 329 1.167
328 330 0.333
328 403 2.167
328 417 3.5
328 418 1
328 597 0.5
328 895 0.333
328 1190 0.5
328 1405 0.167
328 1406 0.167
328 1407 0.167
328 1408 0.167
328 1409 0.167
329 330 0.333
329 403 0.333
329 417 0.333
329 1190 0.5
330 548 1.5
330 1390 1.5
331 332 0.5
331 1215 0.25
331 1216 0.25
331 1217 0.25
331 1218 0.25
333 334 0.333
333 335 0.333
333 336 0.333
334 335 0.333
334 336 0.333
335 336 0.333
337 338 1
338 632 0.2
338 1571 0.2
338 1572 0.2
338 1573 0.2
338 1574 0.2
339 340 0.333
339 341 0.333
339 342 0.333
340 341 0.333
340 342 1.333
341 342 0.333
343 344 0.5
343 345 0.5
343 693 1
344 345 0.5
344 698 0.143
344 1146 1.476
344 1395 0.143
344 1396 0.143
344 1397 0.143
344 1398 0.143
346 347 0.583
346 348 0.583
347 348 0.583
347 517 0.333
347 789 0.333
349 350 0.2
349 351 0.2
349 352 0.2
349 353 0.2
349 354 0.2
350 351 0.2
350 352 0.2
350 353 0.2
350 354 0.2
351 352 0.2
351 353 0.2
351 354 0.2
351 687 1
352 353 0.2
352 354 0.2
353 354 0.2
355 356 0.5
355 357 0.5
356 357 0.5
358 359 0.833
358 360 0.5
358 361 0.333
358 362 0.333
359 360 0.5
359 361 0.333
359 362 0.333
361 362 0.333
363 364 1
363 365 0.5
363 366 0.5
363 806 0.2
363 807 0.2
363 808 0.2
363 1072 0.2
363 1350 0.25
363 1351 0.25
363 1352 0.25
363 1353 0.25
365 366 0.5
367 368 0.5
367 369 0.5
368 369 0.5
371 372 0.5
372 760 0.5
372 867 0.5
372 868 0.5
373 374 0.5
373 375 0.5
374 375 0.5
376 377 1.917
376 378 2.917
376 379 0.333
376 1264 0.333
376 1296 0.25
377 378 1.917
377 379 0.333
377 1264 0.333
377 1296 0.25
378 379 0.333
378 1264 0.333
378 1296 0.25
378 1348 0.5
378 1349 0.5
380 381 0.5
380 382 0.5
381 382 0.5
383 384 0.5
383 385 0.5
384 385 0.5
386 387 0.143
386 388 0.143
386 389 0.143
386 390 0.143
386 391 0.143
386 392 0.143
386 393 0.143
387 388 0.143
387 389 0.143
387 390 0.143
387 391 0.143
387 392 0.143
387 393 0.143
388 389 0.143
388 390 0.143
388 391 0.143
388 392 0.143
388 393 0.143
389 390 0.143
389 391 0.143
389 392 0.143
389 393 0.143
390 391 0.143
390 392 0.143
390 393 0.143
391 392 0.143
391 393 0.143
392 393 0.143
394 395 0.333
394 396 0.333
394 397 0.333
395 396 0.333
395 397 0.333
396 397 0.333
398 399 0.333
398 400 0.333
398 401 0.333
399 400 0.333
399 401 0.333
400 401 0.333
402 403 0.167
402 404 0.167
402 405 0.167
402 406 0.167
403 404 0.167
403 405 0.167
403 406 0.167
403 417 0.833
403 418 1
403 895 0.333
404 405 0.167
404 406 0.167
404 596 0.333
405 406 0.167
409 410 0.25
409 411 0.583
409 412 0.25
409 413 0.583
409 414 0.333
410 411 0.25
410 412 0.25
410 413 0.25
411 412 0.25
411 413 0.583
411 414 0.333
412 413 0.25
413 414 0.333
415 416 1
416 923 1
416 1125 0.333
416 1126 0.333
416 1234 0.5
416 1235 0.5
417 597 0.5
417 1405 0.167
417 1406 0.167
417 1407 0.167
417 1408 0.167
417 1409 0.167
419 420 1
423 424 0.5
423 425 0.5
424 425 0.5
426 427 0.5
426 428 0.5
427 428 0.5
429 430 1
429 1362 0.333
429 1363 0.333
431 432 1
431 433 1
434 435 1
437 438 0.5
437 439 0.5
438 439 0.5
440 441 1
440 442 0.5
443 444 1
444 676 0.5
444 677 0.5
444 739 0.5
444 740 1
445 446 1
446 700 1
447 448 0.333
447 449 0.333
447 450 0.333
448 449 0.333
448 450 0.333
449 450 0.333
453 454 0.143
453 455 0.143
453 456 0.143
453 457 0.143
453 458 0.143
453 459 0.143
453 460 0.143
454 455 0.143
454 456 0.143
454 457 0.143
454 458 0.143
454 459 0.643
454 460 0.643
455 456 0.143
455 457 0.143
455 458 0.143
455 459 0.143
455 460 0.143
456 457 0.143
456 458 0.143
456 459 0.143
456 460 0.143
457 458 0.143
457 459 0.143
457 460 0.143
458 459 0.143
458 460 0.143
459 460 0.643
461 462 0.333
461 463 0.333
461 464 0.333
462 463 0.333
462 464 0.333
463 464 0.333
464 639 0.5
465 466 1.5
465 467 0.5
466 467 0.5
468 469 0.25
468 470 0.25
468 471 0.25
468 472 0.25
469 470 0.25
469 471 0.25
469 472 0.25
470 471 0.25
470 472 0.25
471 472 0.25
473 474 0.833
473 475 0.5
473 985 0.333
473 1092 0.333
474 475 0.5
474 985 2.167
474 986 0.333
474 1092 0.333
474 1093 0.833
476 477 1
476 478 0.5
476 479 0.5
478 479 0.5
479 941 1
480 481 0.333
480 482 0.333
480 483 0.333
481 482 0.333
481 483 0.333
482 483 0.333
482 1236 0.5
482 1237 0.5
482 1251 0.5
482 1252 0.5
483 1047 1
483 1245 0.25
483 1246 0.25
483 1247 0.25
483 1248 0.25
483 1456 1
484 485 1
487 488 1
489 490 0.333
491 492 0.5
491 493 1
491 494 0.5
495 496 0.5
495 497 0.5
496 497 0.5
497 781 0.5
497 782 0.5
497 1410 0.5
497 1411 0.5
498 499 1
501 502 1
501 503 2.5
501 504 1.5
501 1222 0.5
502 503 1
503 504 0.5
506 507 1
508 509 1.083
508 510 0.75
509 510 0.75
512 513 1
515 516 0.833
515 517 0.833
515 518 0.333
516 517 2.333
516 518 0.333
516 675 0.5
517 518 2.917
517 675 0.5
517 789 0.333
517 1087 0.5
517 1088 2.5
517 1089 1
517 1090 0.5
518 964 0.333
518 965 0.333
518 1342 1
518 1461 0.333
519 520 1
521 522 1
523 524 0.25
523 525 0.25
523 526 0.25
523 527 0.25
523 528 2
523 1382 0.5
523 1589 0.5
524 525 0.25
524 526 0.25
524 527 0.25
524 743 0.333
524 747 0.333
524 1357 0.333
525 526 0.25
525 527 0.25
525 1323 1
526 527 0.25
529 530 1
531 532 0.533
531 533 0.533
531 534 0.333
531 1534 0.2
531 1535 0.2
531 1536 0.2
532 533 0.533
532 534 0.333
532 1534 0.2
532 1535 0.2
532 1536 0.2
533 534 0.333
533 1534 0.2
533 1535 0.2
533 1536 0.2
535 536 1
538 539 0.5
538 540 0.833
538 541 0.333
538 542 0.333
538 543 0.333
538 690 0.333
538 691 0.333
539 540 0.5
540 690 0.333
540 691 0.333
541 542 0.333
541 543 0.333
542 543 0.333
545 546 1
547 548 1
548 1240 1
548 1390 0.5
549 550 0.333
549 551 0.333
550 551 0.333
551 1031 0.5
553 554 0.5
553 555 0.5
554 555 0.5
557 558 0.5
557 559 0.5
558 559 0.5
560 561 1
562 563 0.458
564 565 0.333
564 566 0.333
564 567 0.333
565 566 0.333
565 567 0.333
566 567 0.333
568 651 0.333
568 652 0.333
569 570 1
571 572 1
573 574 1
575 576 0.5
575 577 0.5
578 579 1
581 582 0.5
581 583 0.5
582 583 0.5
584 585 1
586 587 0.333
586 588 0.333
587 588 0.333
588 730 0.5
590 591 0.583
590 592 0.583
590 593 0.333
590 1181 0.25
590 1182 0.25
591 592 1.583
591 593 0.333
591 1181 0.25
591 1182 0.25
592 593 0.333
592 1181 0.25
592 1182 0.25
594 595 1
598 599 1
598 790 1
598 791 1
600 601 1
603 604 1
607 608 0.333
607 609 0.333
608 609 0.333
610 611 0.5
610 612 0.333
610 613 0.333
612 613 0.333
615 616 1
617 618 1
619 620 0.5
619 621 0.5
620 621 0.5
622 623 1
624 625 1
626 627 0.333
626 628 0.333
626 629 0.333
627 628 0.333
627 629 0.333
628 629 0.333
630 631 0.5
630 632 0.5
631 632 1
631 1580 0.5
632 784 1
632 785 0.5
632 1571 0.2
632 1572 0.2
632 1573 0.2
632 1574 0.2
632 1575 0.5
632 1580 0.5
633 634 1
636 637 0.5
636 638 0.5
637 638 0.5
639 640 0.25
639 641 1
643 644 1
643 713 0.5
643 714 0.5
646 1430 0.053
646 1431 0.053
646 1432 0.053
646 1433 0.053
646 1434 0.053
646 1435 0.053
646 1436 0.053
646 1437 0.053
646 1438 0.053
646 1439 0.053
646 1440 0.053
646 1441 0.053
646 1442 0.053
646 1443 0.053
646 1444 0.053
646 1445 0.053
646 1446 0.053
646 1447 0.053
646 1448 0.053
647 854 0.5
648 649 1
651 652 0.333
653 654 0.333
653 655 2.083
653 656 2.083
653 657 0.333
653 658 0.583
653 894 0.333
654 655 0.333
654 656 0.333
655 656 2.083
655 657 0.333
655 658 0.917
655 775 0.333
655 864 0.5
655 865 0.5
655 866 0.5
655 894 0.667
655 1131 0.833
656 657 0.333
656 658 0.583
656 894 0.333
658 775 0.333
658 1131 0.333
659 660 0.333
659 661 0.333
659 662 0.333
660 661 0.333
660 662 0.333
661 662 0.333
663 664 0.75
663 665 0.25
663 666 0.25
663 667 0.25
663 678 0.5
663 793 0.333
663 794 0.333
663 795 0.333
664 665 0.25
664 666 0.25
664 667 0.25
664 678 0.5
665 666 0.25
665 667 0.25
666 667 0.25
668 669 1
670 671 1
670 672 1
671 722 1
673 674 1
676 677 0.5
677 1557 0.333
677 1558 0.333
677 1559 0.333
679 680 0.5
679 681 0.5
680 681 0.5
682 683 0.333
682 684 0.333
682 685 0.333
683 684 0.333
683 685 0.333
684 685 0.333
690 691 0.333
694 695 0.2
694 696 0.2
694 697 0.2
694 698 1.2
694 699 0.2
695 696 0.2
695 697 0.2
695 698 0.2
695 699 0.2
696 697 0.2
696 698 0.2
696 699 0.2
696 716 0.25
696 717 0.25
696 718 0.25
696 719 0.25
697 698 0.2
697 699 0.2
698 699 0.2
698 1146 0.143
698 1395 0.143
698 1396 0.143
698 1397 0.143
698 1398 0.143
701 702 0.333
701 703 0.333
702 703 0.333
705 706 0.333
705 707 0.333
705 708 0.333
706 707 0.333
706 708 0.333
707 708 0.333
710 711 0.333
713 714 0.5
716 717 0.25
716 718 0.25
716 719 0.25
717 718 0.25
717 719 0.25
718 719 0.25
720 721 2
720 753 0.5
720 754 0.5
722 1347 1
722 1455 1
724 725 0.333
724 726 0.333
724 727 0.333
725 726 0.333
725 727 0.333
726 727 0.333
731 732 1
733 734 0.5
733 735 0.5
734 735 0.5
737 738 0.5
743 744 1.4
743 745 1.2
743 746 1
743 747 2.333
743 932 0.7
743 933 0.7
743 1279 0.2
743 1357 0.333
744 745 0.7
744 932 0.2
744 933 0.2
744 1279 0.2
745 1279 0.7
745 1280 0.333
745 1281 0.333
745 1282 0.333
747 1029 0.333
747 1030 0.333
747 1357 0.333
748 749 1
751 752 1
753 754 0.5
755 756 1
757 758 0.5
757 759 0.5
757 760 1
757 761 1.5
757 762 1.867
757 763 0.333
757 764 0.333
757 765 0.533
757 766 0.533
757 776 0.2
757 893 0.2
757 1124 0.5
758 759 1.25
758 978 0.25
759 978 0.25
762 763 0.667
762 764 0.667
762 765 0.533
762 766 0.533
762 775 1.333
762 776 1.533
762 777 0.333
762 893 0.2
763 764 0.667
765 766 0.867
765 776 0.2
765 893 0.2
765 1256 0.833
766 776 0.2
766 893 0.2
766 1256 0.333
767 768 0.333
767 769 0.333
767 770 0.333
768 769 0.333
768 770 0.333
769 770 0.333
771 772 0.2
771 773 0.2
771 774 0.2
772 773 0.2
772 774 0.2
773 774 0.2
775 776 1.333
775 777 0.333
775 1131 0.333
776 777 0.333
776 893 0.2
778 779 1
781 782 0.5
784 785 0.5
784 1575 0.5
786 787 0.5
786 788 0.5
787 788 0.5
790 791 1
793 794 0.333
793 795 0.333
794 795 0.333
796 797 0.25
796 798 0.25
796 799 0.25
797 798 0.25
797 799 0.25
798 799 0.25
800 801 0.2
800 802 0.2
800 803 0.2
800 804 0.2
800 805 0.2
801 802 0.2
801 803 0.2
801 804 0.2
801 805 0.2
802 803 0.2
802 804 0.2
802 805 0.2
803 804 0.2
803 805 0.2
804 805 0.2
806 807 0.926
806 808 0.926
806 809 0.25
806 1071 0.143
806 1072 0.343
806 1073 0.143
806 1074 0.143
807 808 0.926
807 809 0.25
807 1017 0.333
807 1071 0.143
807 1072 0.676
807 1073 0.143
807 1074 0.143
808 809 0.25
808 1071 0.143
808 1072 0.343
808 1073 0.143
808 1074 0.143
810 811 1
813 814 1
815 816 0.5
815 817 0.5
816 817 0.5
818 819 1
820 821 1
821 1171 1
822 823 0.333
822 824 0.333
822 825 0.333
823 824 0.333
823 825 0.333
824 825 0.333
826 827 0.111
826 828 0.111
826 829 0.111
826 830 0.111
826 831 0.111
826 832 0.111
826 833 0.111
826 834 0.111
826 835 0.111
827 828 0.111
827 829 0.111
827 830 0.111
827 831 0.111
827 832 0.111
827 833 0.111
827 834 0.111
827 835 0.111
828 829 0.111
828 830 0.111
828 831 0.111
828 832 0.111
828 833 0.111
828 834 0.111
828 835 0.111
829 830 0.111
829 831 0.111
829 832 0.111
829 833 0.111
829 834 0.111
829 835 0.111
830 831 0.111
830 832 0.111
830 833 0.111
830 834 0.111
830 835 0.111
831 832 0.111
831 833 0.111
831 834 0.111
831 835 0.111
832 833 0.111
832 834 0.111
832 835 0.111
833 834 0.111
833 835 0.111
834 835 0.111
836 837 0.5
836 838 0.5
837 838 0.5
841 1191 0.2
841 1192 0.2
842 843 1.5
842 844 0.5
843 844 0.5
844 1274 0.75
844 1275 0.75
844 1276 0.25
844 1277 0.25
844 1537 1
845 846 0.333
845 847 0.333
845 848 0.333
846 847 0.333
846 848 0.333
847 848 0.333
849 850 1
851 852 0.5
851 853 0.5
852 853 0.5
856 857 0.5
856 858 0.5
857 858 0.5
861 862 0.5
861 863 0.5
861 1465 0.2
861 1466 0.2
861 1467 0.2
861 1468 0.2
862 863 0.5
864 865 0.5
867 868 0.5
871 872 0.25
871 873 0.25
871 874 0.25
871 875 0.25
872 873 0.25
872 874 0.25
872 875 0.25
873 874 0.25
873 875 0.25
873 1269 1
874 875 0.25
878 879 0.25
878 880 0.25
878 881 0.25
878 882 0.25
879 880 0.25
879 881 0.25
879 882 0.25
880 881 0.25
880 882 0.25
881 882 0.25
883 1340 1
884 885 0.5
884 886 0.5
885 886 0.5
887 888 1
889 890 0.5
889 891 0.5
890 891 0.5
896 897 0.25
896 898 0.25
896 899 0.25
896 900 0.25
897 898 0.25
897 899 0.25
897 900 0.25
898 899 0.25
898 900 0.25
899 900 0.25
901 902 0.5
901 903 0.5
901 1319 1
902 903 0.5
904 905 0.5
904 906 0.5
905 906 0.5
907 908 1
910 911 0.5
910 912 0.5
911 912 0.5
913 914 0.2
913 915 0.2
913 916 0.2
913 917 0.2
913 918 0.2
914 915 0.343
914 916 0.343
914 917 0.986
914 918 0.2
914 1001 0.143
914 1202 0.786
914 1203 0.143
914 1204 0.143
914 1205 0.143
914 1206 0.143
914 1207 0.143
914 1208 0.143
914 1209 0.143
915 916 0.343
915 917 0.343
915 918 0.2
915 1202 0.143
915 1207 0.143
915 1208 0.143
915 1209 0.143
916 917 0.343
916 918 0.2
916 1202 0.143
916 1207 0.143
916 1208 0.143
916 1209 0.143
917 918 0.2
917 1001 0.143
917 1202 1.119
917 1203 0.143
917 1204 0.143
917 1205 0.143
917 1206 0.143
917 1207 0.143
917 1208 0.143
917 1209 0.143
917 1257 0.333
917 1258 0.333
921 922 1
924 925 0.5
924 926 0.5
925 926 0.5
928 1519 0.25
928 1520 0.25
928 1521 0.25
930 931 1
931 1419 1
932 933 1.9
932 934 1
932 1176 0.5
932 1177 0.5
932 1357 1
932 1369 0.2
932 1370 0.2
933 1369 0.2
933 1370 0.2
936 937 0.25
936 938 0.25
936 939 0.25
937 938 0.25
937 939 0.25
938 939 0.25
942 943 0.5
942 944 0.5
943 944 0.5
945 946 0.2
948 949 1
948 1272 0.5
948 1273 0.5
950 951 1
952 953 1.167
952 954 1.167
952 955 0.667
953 954 1.167
953 955 0.667
954 955 0.667
956 957 0.5
957 1136 0.583
957 1137 0.25
957 1138 0.25
957 1139 0.333
958 959 0.5
958 960 0.5
959 960 0.5
961 962 0.5
961 963 0.5
962 963 0.5
964 965 0.333
966 967 0.2
966 968 0.2
966 969 0.2
966 970 0.2
966 971 0.2
967 968 0.2
967 969 0.2
967 970 0.2
967 971 0.2
968 969 0.2
968 970 0.2
968 971 0.2
969 970 0.2
969 971 0.2
970 971 0.2
973 974 1
974 990 1
974 1003 0.833
974 1004 0.833
974 1005 0.333
975 976 0.5
975 977 0.5
976 977 0.5
977 1130 1
979 980 1
981 982 0.5
981 983 0.5
982 983 0.5
984 985 1
984 986 0.5
984 987 0.5
985 986 0.833
985 987 0.5
985 1092 0.333
985 1093 0.833
986 1093 0.333
988 989 1
993 994 1
995 996 0.25
995 997 0.25
995 998 0.25
995 999 0.25
996 997 0.25
996 998 0.25
996 999 0.25
997 998 0.25
997 999 0.25
998 999 0.25
1000 1001 1
1001 1202 0.143
1001 1203 0.143
1001 1204 0.143
1001 1205 0.143
1001 1206 0.143
1001 1505 0.5
1001 1515 0.5
1003 1004 0.833
1003 1005 0.333
1004 1005 0.333
1007 1008 1
1010 1011 1
1011 1046 1
1012 1013 1
1014 1015 1
1017 1072 0.333
1018 1019 1.2
1018 1307 0.2
1018 1308 0.2
1018 1309 0.2
1018 1310 0.2
1019 1304 0.5
1019 1305 0.5
1019 1306 1
1019 1307 0.2
1019 1308 0.2
1019 1309 0.2
1019 1310 0.2
1022 1023 0.25
1022 1024 0.75
1023 1024 0.25
1025 1026 0.5
1027 1028 1
1027 1417 0.333
1027 1418 0.333
1029 1030 0.333
1032 1033 1
1034 1035 1
1036 1037 1
1036 1038 0.5
1036 1039 0.5
1038 1039 0.5
1040 1041 0.5
1043 1044 0.5
1043 1045 0.5
1044 1045 0.5
1048 1049 0.25
1048 1050 0.25
1048 1051 0.25
1049 1050 0.25
1049 1051 0.25
1050 1051 0.25
1053 1054 1
1055 1056 1
1055 1057 0.333
1055 1058 0.333
1055 1059 0.333
1057 1058 0.333
1057 1059 0.333
1058 1059 0.333
1061 1062 0.111
1061 1063 0.111
1061 1064 0.111
1061 1065 0.111
1061 1066 0.111
1061 1067 0.111
1061 1068 0.111
1061 1069 0.111
1061 1070 0.111
1061 1413 1
1062 1063 0.111
1062 1064 0.111
1062 1065 0.111
1062 1066 0.111
1062 1067 0.111
1062 1068 0.111
1062 1069 0.111
1062 1070 0.111
1063 1064 0.111
1063 1065 0.111
1063 1066 0.111
1063 1067 0.111
1063 1068 0.111
1063 1069 0.111
1063 1070 0.111
1064 1065 0.111
1064 1066 0.111
1064 1067 0.111
1064 1068 0.111
1064 1069 0.111
1064 1070 0.111
1065 1066 0.111
1065 1067 0.111
1065 1068 0.111
1065 1069 0.111
1065 1070 0.111
1066 1067 0.111
1066 1068 0.111
1066 1069 0.111
1066 1070 0.111
1067 1068 0.111
1067 1069 0.111
1067 1070 0.111
1068 1069 0.111
1068 1070 0.111
1069 1070 0.111
1071 1072 0.143
1071 1073 0.143
1071 1074 0.143
1072 1073 0.143
1072 1074 0.143
1073 1074 0.143
1079 1080 1
1083 1084 0.5
1087 1088 0.5
1088 1089 0.5
1088 1090 0.5
1094 1095 0.333
1094 1096 0.333
1094 1097 0.333
1095 1096 0.333
1095 1097 0.333
1096 1097 0.333
1098 1099 0.5
1098 1100 0.5
1099 1100 0.5
1102 1103 0.5
1102 1104 0.5
1103 1104 0.5
1106 1107 0.125
1106 1108 0.125
1106 1109 0.125
1106 1110 0.125
1106 1111 0.125
1106 1112 0.125
1106 1113 0.125
1106 1114 0.125
1107 1108 0.125
1107 1109 0.125
1107 1110 0.125
1107 1111 0.125
1107 1112 0.125
1107 1113 0.125
1107 1114 0.125
1108 1109 0.125
1108 1110 0.125
1108 1111 0.125
1108 1112 0.125
1108 1113 0.125
1108 1114 0.125
1108 1358 0.333
1108 1359 0.333
1108 1412 0.333
1109 1110 0.125
1109 1111 0.125
1109 1112 0.125
1109 1113 0.125
1109 1114 0.125
1110 1111 0.125
1110 1112 0.125
1110 1113 0.125
1110 1114 0.125
1111 1112 0.125
1111 1113 0.125
1111 1114 0.125
1112 1113 0.125
1112 1114 0.125
1113 1114 0.125
1115 1116 1
1117 1118 0.25
1117 1119 0.25
1117 1120 0.25
1117 1121 0.25
1118 1119 0.25
1118 1120 0.25
1118 1121 0.25
1119 1120 0.25
1119 1121 0.25
1120 1121 0.25
1121 1516 0.333
1121 1517 0.333
1121 1518 0.333
1122 1123 0.5
1125 1126 0.333
1128 1129 1
1132 1133 1
1134 1135 1
1136 1137 0.25
1136 1138 0.25
1136 1139 0.333
1137 1138 0.25
1140 1141 1
1142 1143 1
1143 1489 0.5
1143 1490 0.5
1146 1283 0.333
1146 1284 0.333
1146 1395 0.143
1146 1396 0.143
1146 1397 0.143
1146 1398 0.143
1146 1561 0.333
1146 1562 0.333
1147 1148 0.25
1147 1149 0.25
1147 1150 0.25
1147 1151 0.25
1148 1149 0.25
1148 1150 0.25
1148 1151 0.25
1149 1150 0.25
1149 1151 0.25
1150 1151 0.25
1153 1154 0.125
1153 1155 0.125
1153 1156 0.125
1153 1157 0.125
1153 1158 0.125
1153 1159 0.125
1153 1160 0.125
1153 1161 0.125
1154 1155 0.125
1154 1156 0.125
1154 1157 0.125
1154 1158 0.125
1154 1159 0.125
1154 1160 0.125
1154 1161 0.125
1155 1156 0.125
1155 1157 0.125
1155 1158 0.125
1155 1159 0.125
1155 1160 0.125
1155 1161 0.125
1156 1157 0.125
1156 1158 0.125
1156 1159 0.125
1156 1160 0.125
1156 1161 0.125
1157 1158 0.125
1157 1159 0.125
1157 1160 0.125
1157 1161 0.125
1158 1159 0.125
1158 1160 0.125
1158 1161 0.125
1159 1160 0.125
1159 1161 0.125
1160 1161 0.125
1163 1164 0.5
1163 1414 0.25
1163 1415 0.25
1163 1416 0.25
1165 1166 1
1167 1168 0.333
1169 1170 1
1176 1177 0.5
1179 1343 0.333
1181 1182 0.25
1185 1186 0.5
1185 1187 0.5
1186 1187 0.5
1191 1192 0.2
1194 1195 1
1196 1197 0.333
1196 1198 0.333
1197 1198 0.333
1199 1200 0.5
1199 1201 0.5
1200 1201 0.5
1202 1203 0.143
1202 1204 0.143
1202 1205 0.143
1202 1206 0.143
1202 1207 0.143
1202 1208 0.143
1202 1209 0.143
1202 1257 0.333
1202 1258 0.333
1203 1204 0.143
1203 1205 0.143
1203 1206 0.143
1204 1205 0.143
1204 1206 0.143
1205 1206 0.143
1207 1208 0.143
1207 1209 0.143
1208 1209 0.143
1210 1211 0.333
1210 1212 0.333
1210 1213 0.333
1211 1212 0.333
1211 1213 0.333
1212 1213 0.333
1215 1216 0.25
1215 1217 0.25
1215 1218 0.25
1216 1217 0.25
1216 1218 0.25
1217 1218 0.25
1219 1220 1
1223 1224 0.5
1223 1225 0.5
1224 1225 0.5
1226 1227 1
1226 1228 1
1226 1346 1
1229 1230 0.25
1232 1233 1
1234 1235 0.5
1236 1237 0.5
1238 1239 1
1241 1242 1
1243 1244 1
1245 1246 0.25
1245 1247 0.25
1245 1248 0.25
1246 1247 0.25
1246 1248 0.25
1247 1248 0.25
1249 1250 1
1251 1252 0.5
1253 1254 0.5
1253 1255 1.5
1254 1255 0.5
1257 1258 0.333
1259 1260 1
1261 1262 0.5
1261 1263 0.5
1262 1263 0.5
1265 1266 0.333
1265 1267 0.333
1265 1268 0.333
1266 1267 0.333
1266 1268 0.333
1267 1268 0.333
1272 1273 0.5
1274 1275 0.75
1274 1276 0.25
1274 1277 0.25
1275 1276 0.25
1275 1277 0.25
1276 1277 0.25
1280 1281 0.333
1280 1282 0.333
1281 1282 0.333
1283 1284 0.333
1287 1288 0.25
1287 1289 0.25
1287 1290 0.25
1287 1291 0.25
1287 1365 0.25
1287 1366 0.25
1287 1367 0.25
1287 1368 0.25
1288 1289 0.25
1288 1290 0.25
1288 1291 0.25
1289 1290 0.25
1289 1291 0.25
1290 1291 0.25
1293 1294 0.5
1293 1295 0.5
1294 1295 0.5
1295 1378 0.5
1295 1379 0.5
1299 1300 1
1304 1305 0.5
1307 1308 0.2
1307 1309 0.2
1307 1310 0.2
1308 1309 0.2
1308 1310 0.2
1309 1310 0.2
1311 1312 1
1313 1314 0.25
1313 1315 0.25
1313 1316 0.25
1313 1317 0.25
1314 1315 0.25
1314 1316 0.25
1314 1317 0.25
1315 1316 0.25
1315 1317 0.25
1316 1317 0.25
1316 1469 0.25
1316 1470 0.25
1316 1471 0.25
1321 1322 1
1324 1325 0.5
1324 1326 0.5
1325 1326 0.5
1327 1328 1
1329 1330 1
1332 1333 0.5
1332 1334 0.5
1333 1334 0.5
1336 1337 0.333
1336 1338 0.333
1336 1339 0.333
1337 1338 0.333
1337 1339 0.333
1337 1420 1
1338 1339 0.333
1344 1345 0.5
1348 1349 0.5
1350 1351 0.25
1350 1352 0.25
1350 1353 0.25
1351 1352 0.25
1351 1353 0.25
1352 1353 0.25
1355 1356 1
1357 1358 1
1357 1359 1
1357 1360 1
1358 1359 2.333
1358 1412 0.333
1359 1412 0.333
1361 1454 1
1362 1363 0.333
1365 1366 0.25
1365 1367 0.25
1365 1368 0.25
1366 1367 0.25
1366 1368 0.25
1367 1368 0.25
1369 1370 0.2
1371 1372 1
1373 1374 1
1375 1376 0.5
1375 1377 0.5
1376 1377 0.5
1378 1379 0.5
1385 1386 0.5
1387 1388 1
1391 1392 0.5
1391 1393 0.5
1392 1393 0.5
1395 1396 0.143
1395 1397 0.143
1395 1398 0.143
1396 1397 0.143
1396 1398 0.143
1397 1398 0.143
1400 1401 0.25
1400 1402 0.25
1400 1403 0.25
1400 1404 0.25
1401 1402 0.25
1401 1403 0.25
1401 1404 0.25
1402 1403 0.25
1402 1404 0.25
1403 1404 0.25
1405 1406 0.167
1405 1407 0.167
1405 1408 0.167
1405 1409 0.167
1406 1407 0.167
1406 1408 0.167
1406 1409 0.167
1407 1408 0.167
1407 1409 0.167
1408 1409 0.167
1410 1411 0.5
1414 1415 0.25
1414 1416 0.25
1415 1416 0.25
1417 1418 0.333
1421 1422 0.333
1421 1423 0.333
1421 1424 0.333
1422 1423 0.333
1422 1424 0.333
1423 1424 0.333
1425 1426 0.5
1427 1428 0.5
1427 1429 0.5
1428 1429 0.5
1430 1431 0.386
1430 1432 0.386
1430 1433 0.053
1430 1434 0.053
1430 1435 0.053
1430 1436 0.053
1430 1437 0.053
1430 1438 0.053
1430 1439 0.053
1430 1440 0.053
1430 1441 0.053
1430 1442 0.053
1430 1443 0.053
1430 1444 0.053
1430 1445 0.053
1430 1446 0.053
1430 1447 0.053
1430 1448 0.053
1430 1449 0.333
1431 1432 0.386
1431 1433 0.053
1431 1434 0.053
1431 1435 0.053
1431 1436 0.053
1431 1437 0.053
1431 1438 0.053
1431 1439 0.053
1431 1440 0.053
1431 1441 0.053
1431 1442 0.053
1431 1443 0.053
1431 1444 0.053
1431 1445 0.053
1431 1446 0.053
1431 1447 0.053
1431 1448 0.053
1431 1449 0.333
1432 1433 0.053
1432 1434 0.053
1432 1435 0.053
1432 1436 0.053
1432 1437 0.053
1432 1438 0.053
1432 1439 0.053
1432 1440 0.053
1432 1441 0.053
1432 1442 0.053
1432 1443 0.053
1432 1444 0.053
1432 1445 0.053
1432 1446 0.053
1432 1447 0.053
1432 1448 0.053
1432 1449 0.333
1433 1434 0.053
1433 1435 0.053
1433 1436 0.053
1433 1437 0.053
1433 1438 0.053
1433 1439 0.053
1433 1440 0.053
1433 1441 0.053
1433 1442 0.053
1433 1443 0.053
1433 1444 0.053
1433 1445 0.053
1433 1446 0.053
1433 1447 0.053
1433 1448 0.053
1434 1435 0.053
1434 1436 0.053
1434 1437 0.053
1434 1438 0.053
1434 1439 0.053
1434 1440 0.053
1434 1441 0.053
1434 1442 0.053
1434 1443 0.053
1434 1444 0.053
1434 1445 0.053
1434 1446 0.053
1434 1447 0.053
1434 1448 0.053
1435 1436 0.053
1435 1437 0.053
1435 1438 0.053
1435 1439 0.053
1435 1440 0.053
1435 1441 0.053
1435 1442 0.053
1435 1443 0.053
1435 1444 0.053
1435 1445 0.053
1435 1446 0.053
1435 1447 0.053
1435 1448 0.053
1436 1437 0.053
1436 1438 0.053
1436 1439 0.053
1436 1440 0.053
1436 1441 0.053
1436 1442 0.053
1436 1443 0.053
1436 1444 0.053
1436 1445 0.053
1436 1446 0.053
1436 1447 0.053
1436 1448 0.053
1437 1438 0.053
1437 1439 0.053
1437 1440 0.053
1437 1441 0.053
1437 1442 0.053
1437 1443 0.053
1437 1444 0.053
1437 1445 0.053
1437 1446 0.053
1437 1447 0.053
1437 1448 0.053
1438 1439 0.053
1438 1440 0.053
1438 1441 0.053
1438 1442 0.053
1438 1443 0.053
1438 1444 0.053
1438 1445 0.053
1438 1446 0.053
1438 1447 0.053
1438 1448 0.053
1439 1440 0.053
1439 1441 0.053
1439 1442 0.053
1439 1443 0.053
1439 1444 0.053
1439 1445 0.053
1439 1446 0.053
1439 1447 0.053
1439 1448 0.053
1440 1441 0.053
1440 1442 0.053
1440 1443 0.053
1440 1444 0.053
1440 1445 0.053
1440 1446 0.053
1440 1447 0.053
1440 1448 0.053
1441 1442 0.053
1441 1443 0.053
1441 1444 0.053
1441 1445 0.053
1441 1446 0.053
1441 1447 0.053
1441 1448 0.053
1442 1443 0.053
1442 1444 0.053
1442 1445 0.053
1442 1446 0.053
1442 1447 0.053
1442 1448 0.053
1443 1444 0.053
1443 1445 0.053
1443 1446 0.053
1443 1447 0.053
1443 1448 0.053
1444 1445 0.053
1444 1446 0.053
1444 1447 0.053
1444 1448 0.053
1445 1446 0.053
1445 1447 0.053
1445 1448 0.053
1446 1447 0.053
1446 1448 0.053
1447 1448 0.053
1450 1451 1
1457 1458 0.333
1457 1459 0.333
1457 1460 0.333
1458 1459 0.333
1458 1460 0.333
1459 1460 0.333
1465 1466 0.2
1465 1467 0.2
1465 1468 0.2
1466 1467 0.2
1466 1468 0.2
1467 1468 0.2
1469 1470 0.25
1469 1471 0.25
1470 1471 0.25
1472 1473 0.5
1472 1474 0.5
1473 1474 0.5
1475 1476 0.5
1475 1477 0.5
1476 1477 0.5
1478 1479 0.5
1480 1481 1
1482 1483 0.5
1484 1485 0.5
1484 1486 0.5
1485 1486 0.5
1487 1488 1
1489 1490 0.5
1492 1493 1
1492 1494 0.25
1492 1541 0.25
1492 1542 0.25
1492 1543 0.25
1494 1495 1
1494 1541 0.25
1494 1542 0.25
1494 1543 0.25
1496 1497 1
1501 1502 0.25
1501 1503 0.25
1501 1504 0.25
1502 1503 0.25
1502 1504 0.25
1503 1504 0.25
1505 1506 0.2
1505 1507 0.2
1505 1508 0.2
1505 1509 0.2
1505 1510 0.2
1505 1515 0.5
1506 1507 0.2
1506 1508 0.2
1506 1509 0.2
1506 1510 0.2
1507 1508 0.2
1507 1509 0.2
1507 1510 0.2
1508 1509 0.2
1508 1510 0.2
1509 1510 0.2
1512 1513 0.5
1512 1514 0.5
1513 1514 0.5
1516 1517 0.333
1516 1518 0.333
1517 1518 0.333
1519 1520 0.25
1519 1521 0.25
1520 1521 0.25
1523 1524 1
1526 1527 1
1531 1532 1
1534 1535 0.2
1534 1536 0.2
1535 1536 0.2
1538 1539 0.5
1538 1540 0.5
1539 1540 0.5
1541 1542 0.25
1541 1543 0.25
1542 1543 0.25
1544 1545 1
1546 1547 0.333
1546 1548 0.333
1546 1549 0.333
1547 1548 0.333
1547 1549 0.333
1548 1549 0.333
1551 1552 0.333
1554 1555 0.333
1554 1556 0.333
1555 1556 0.333
1557 1558 0.333
1557 1559 0.333
1558 1559 0.333
1561 1562 0.333
1563 1564 0.143
1563 1565 0.143
1563 1566 0.143
1563 1567 0.143
1563 1568 0.143
1564 1565 0.143
1564 1566 0.143
1564 1567 0.143
1564 1568 0.143
1565 1566 0.143
1565 1567 0.143
1565 1568 0.143
1566 1567 0.143
1566 1568 0.143
1567 1568 0.143
1569 1570 1
1571 1572 0.2
1571 1573 0.2
1571 1574 0.2
1572 1573 0.2
1572 1574 0.2
1573 1574 0.2
1576 1577 0.333
1576 1578 0.333
1576 1579 0.333
1577 1578 0.333
1577 1579 0.333
1578 1579 0.333
1581 1582 1
1584 1585 1
1586 1587 1
1586 1588 1
