G1 weighted
  95   1    156.0
  95   2    583.0
  95   3    720.0
  95   4     30.0
  95   5     30.0
  95  12      0.000235
  95  60      0.0000107
  95  61      0.000974
  95  62      0.000376
  95  63      0.0973
  95  64      0.048
  95  65      0.422
  95  66      0.000279
  95  67      0.000325
  95  68      0.0000248
  95  69      0.000392
  95  70      0.0000339
  95  71      0.0000875
  95  72      0.000215
  95  73      0.0000866
  95  74      0.000503
  95  75      0.000000729
  95  76      0.0000124
  95  77      0.00000828
  95  78      0.0000291
  95  79      0.0000142
  95  93      0.68
  95  94     11.4
   1  96     16.02434
   2  96     34.03946
   3  96     88.58084
   4  96      2.999548
   5  96      2.999542
  21  96      0.005991169
  24  96      0.00009946571
  28  96      0.005316888
  29  96      0.07300512
  45  96      0.00006364829
  48  96      0.00002673691
  50  96      0.0001065123
  60  96      0.000002514661
  61  96      0.0002419418
  62  96      0.00009304198
  63  96      0.006834738
  64  96      0.003366406
  65  96      0.02966812
  66  96      0.00007587904
  67  96      0.00007156905
  68  96      0.000006059201
  69  96      0.00009096786
  70  96      0.000007809236
  71  96      0.00002137464
  72  96      0.00004336813
  73  96      0.00001622578
  74  96      0.0001046836
  75  96      0.000000234136
  76  96      0.000002863524
  77  96      0.000003243984
  78  96      0.000008940292
  79  96      0.000002484842
  93  96     16.9898
  94  96     45.22541
   1  97     78.11864
   2  97    291.33769999999998
   3  97    362.37610000000001
   6  97     10.41848
   7  97      0.4494837
   8  97    284.05259999999998
   9  97     67.38200000000001
  10  97     70.09789000000001
  11  97     34.14217
  12  97      0.05943026
  13  97      0.1553021
  14  97      0.07212782
  15  97      0.729495
  16  97      0.06182208
  17  97      0.006303201
  18  97      0.5159327
  19  97      0.02242624
  20  97      0.01315847
  21  97      0.05921272
  22  97      0.5110163
  23  97      0.555119
  24  97      0.003192849
  25  97      0.9532855
  26  97      0.1587633
  27  97      0.02590664
  28  97      0.0599745
  29  97      0.6382733
  30  97      0.009675662
  31  97      0.394884
  32  97      0.00457247
  33  97      0.0002834476
  34  97      0.000001222685
  35  97      0.0005172558
  36  97      0.00102368
  37  97      0.01171248
  38  97      0.001237177
  39  97      0.03513398
  40  97      0.001730651
  41  97      0.00152945
  42  97      0.005087412
  43  97      0.0003285465
  44  97      0.00145661
  45  97      0.00565001
  46  97      0.00650193
  47  97      0.003072933
  48  97      0.0004834034
  49  97      0.02518721
  50  97      0.03248626
  51  97      0.03555442
  52  97      0.001013698
  53  97      0.001186705
  54  97      0.001954412
  55  97      0.003027569
  56  97      0.002715256
  57  97      0.003206932
  58  97      0.00354215
  59  97      0.004239159
  60  97      0.00003367089
  61  97      0.003081232
  62  97      0.00118869
  63  97      0.07322934
  64  97      0.03604735
  65  97      0.3175883
  66  97      0.0006941098
  67  97      0.0008698839
  68  97      0.00007709773
  69  97      0.001224161
  70  97      0.0001047171
  71  97      0.0002711708
  72  97      0.0006079282
  73  97      0.000230366
  74  97      0.00146557
  75  97      0.00000200688
  76  97      0.0000383545
  77  97      0.00001982999
  78  97      0.00005999151
  79  97      0.00003663923
  80  97      0.02561867
  81  97      0.001530788
  82  97      0.01203313
  83  97      0.01667491
  84  97      0.0002683796
  85  97      0.0005558863
  86  97      0.01346563
  87  97      0.02033737
  88  97      0.0003541028
  89  97      0.01071453
  90  97      0.00007708418
  91  97      0.0001634686
  92  97    120.553
   1   6      2.674062
   1   7      0.4606997
   1  11     13.01977
   1  12      0.002583925
   1  13      0.02453727
   1  17      0.003685598
   1  29      0.1362069
   1  30      0.004536891
   1  39      0.001131719
   1  40      0.0001782708
   1  45      0.0004617012
   1  92     40.06084
   1  94      5.468306
   2   6      2.673098
   2   9     24.22808
   2  10     24.22808
   2  11     14.41671
   2  14      0.01221416
   2  15      0.4325013
   2  16      0.01091265
   2  18      0.1862158
   2  19      0.02823272
   2  20      0.04174839
   2  21      0.01321532
   2  22      0.1461694
   2  23      0.04585315
   2  25      0.1772054
   2  26      0.0156181
   2  27      0.02482878
   2  29      0.393456
   2  30      0.004905686
   2  31      0.2262622
   2  39      0.0137159
   2  40      0.00100116
   2  42      0.0002613029
   2  45      0.0001982298
   2  47      0.0003794398
   2  51      0.005236069
   2  52      0.0005346196
   2  53      0.0004144804
   2  55      0.001882182
   2  66      0.0006107079
   2  67      0.0003604177
   2  75      0.0000003283806
   2  77      0.000007458645
   2  78      0.00003504062
   2  80      0.01461694
   2  81      0.002552959
   2  82      0.01691961
   2  83      0.01581833
   2  85      0.0006887983
   2  86      0.005636533
   2  89      0.01601857
   2  91      0.00018121
   2  92    135.1567
   2  93     22.02553
   2  94     33.03829
   3  15      0.001660891
   3  26      0.1489769
   3  31      0.125825
   3  55      0.001519967
   3  82      0.001892409
   3  89      0.0008485641
   3  92    243.59729999999999
   3  93     25.16501
   4  31      0.003059539
   4  55      0.00145978
   4  92     26.99593
   5  31      0.003119524
   5  55      0.001459777
   5  92     26.99588
   6   7      0.4840913
   6  12      0.01589082
   6  13      0.003009785
   6  14      0.0003430734
   6  17      0.0004514677
   6  29      0.1557511
   6  30      0.002399409
   6  92      2.483598
   6  93      2.483598
   7  12      0.002033378
   7  13      0.000962109
   7  14      0.0001091603
   7  21      0.00004334307
   7  22      0.06870679
   7  23      0.02729008
   7  25      0.1894253
   7  29      0.04976426
   7  30      0.0007662626
   7  36      0.0002664796
   7  37      0.004955022
   7  39      0.003092876
   7  41      0.0004152373
   7  42      0.0007095421
   7  45      0.001057357
   7  46      0.0002547074
   7  49      0.01005987
   7  50      0.01316345
   7  53      0.0003242704
   7  54      0.0003510253
   7  93      0.6100135
   8   9     64.21617999999999
   8  10     57.41921
   8  11     59.95539
   8  12      0.01531855
   8  14      0.01653592
   8  15      0.1166645
   8  16      0.007375224
   8  18      0.06025974
   8  19      0.004879619
   8  20      0.007233197
   8  23      0.04139053
   8  27      0.005041934
   8  29      0.02657921
   8  30      0.001075342
   8  52      0.0007223053
   8  92     40.57895
   9  10     16.82017
   9  11     10.94324
   9  14      0.006140374
   9  15      0.04336766
   9  16      0.00273581
   9  18      0.01509762
   9  19      0.0001813741
   9  20      0.0002675015
   9  29      0.009879315
   9  30      0.0004002389
   9  52      0.0002675015
   9  92     38.09869
  10  11     11.38432
  10  14      0.006387868
  10  15      0.04511564
  10  16      0.00284608
  10  18      0.01570614
  10  19      0.000203442
  10  20      0.0002761752
  10  29      0.01027751
  10  30      0.0005681618
  10  52      0.0002782834
  10  92     43.85071
  11  14      0.03546315
  11  15      0.06279721
  11  16      0.01056782
  11  18      0.2489534
  11  19      0.001087266
  11  20      0.001605495
  11  23      0.0851522
  11  24      0.001442913
  11  25      0.0418648
  11  27      0.002022111
  11  29      0.02855343
  11  30      0.001575011
  11  39      0.004074706
  11  47      0.0003932447
  11  50      0.001961143
  11  52      0.001544527
  11  92     93.89098
  12  13      0.000007459522
  12  21      0.0000647585
  12  22      0.0005338477
  12  36      0.00002069813
  12  37      0.0003842474
  12  39      0.0005215518
  12  41      0.000003453103
  12  42      0.000005358971
  12  49      0.0000484664
  12  50      0.00009150212
  12  54      0.000002735841
  12  93      0.03996173
  13  25      0.02622651
  13  36      0.0002519802
  13  47      0.003250031
  13  51      0.007693111
  13  55      0.0002272964
  13  63      0.00004741342
  13  64      0.00002663791
  13  65      0.0002674076
  13  66      0.000007220005
  13  67      0.00002015842
  13  68      0.0000002571227
  13  72      0.00001203334
  13  73      0.00001038776
  13  74      0.00004587069
  13  91      0.000002293534
  13  92      0.03095757
  13  93      0.07220005
  14  23      0.0004353934
  14  25      0.01363761
  14  28      0.003060886
  14  34      0.0000004798419
  14  39      0.001040499
  14  46      0.001363761
  14  47      0.0007030946
  14  49      0.004263016
  14  50      0.002101202
  14  53      0.00004182201
  14  55      0.0001181926
  14  57      0.00002485076
  14  58      0.00005242904
  14  59      0.00009041231
  14  60      0.0000001484984
  14  61      0.000004485259
  14  62      0.000001727431
  14  63      0.00002474974
  14  64      0.00001394067
  14  65      0.0001394067
  14  66      0.000003768021
  14  67      0.00001050601
  14  68      0.0000001343557
  14  72      0.000006263199
  14  73      0.000005404534
  14  74      0.00002394159
  14  91      0.000001192028
  14  93      0.04838827
  15  55      0.0005959398
  15  57      0.0001244492
  15  59      0.0009085805
  15  63      0.0001244492
  15  64      0.00006991415
  15  65      0.0007021769
  15  66      0.00001892033
  15  67      0.00005291621
  15  68      0.0000006758705
  15  72      0.00003146642
  15  86      0.0006839648
  15  87      0.0009874995
  15  92      0.2266392
  16  21      0.002906337
  16  33      0.000002446916
  16  34      0.000002936299
  16  36      0.00007310785
  16  37      0.001008729
  16  39      0.0005193454
  16  41      0.0006371969
  16  45      0.0002576752
  16  46      0.0003835166
  16  47      0.0005463114
  16  49      0.004773983
  16  50      0.0006591692
  16  51      0.005992447
  16  55      0.00007160974
  16  57      0.00001498112
  16  58      0.0000316601
  16  59      0.00005463114
  16  60      0.00000008968696
  16  61      0.000002716576
  16  62      0.000001048678
  16  63      0.00001498112
  16  64      0.000008409401
  16  65      0.0000844935
  16  66      0.00000227713
  16  67      0.000006371969
  16  68      0.00000008119765
  16  72      0.000003785229
  16  73      0.000003265884
  16  74      0.00001448175
  16  86      0.00007011164
  16  87      0.0001068653
  16  91      0.0000007230886
  16  93      0.0200747
  17  21      0.001563194
  17  28      0.02763323
  17  33      0.00006192265
  17  34      0.000001573279
  17  36      0.00003923113
  17  37      0.0005425796
  17  46      0.0005284604
  17  47      0.001069023
  17  49      0.001008512
  17  50      0.0009419504
  17  51      0.006767116
  17  55      0.00004306347
  17  57      0.000009026184
  17  58      0.00001906088
  17  59      0.00003287749
  17  60      0.0000000539554
  17  61      0.00000163379
  17  62      0.0000006303201
  17  63      0.000009006014
  17  64      0.000005062731
  17  65      0.00005082901
  17  66      0.000001371577
  17  67      0.000003832346
  17  68      0.00000004891284
  17  72      0.000002279238
  17  73      0.000001966599
  17  74      0.00000872363
  17  86      0.00004215581
  17  87      0.00006414137
  17  91      0.0000004356773
  17  93      0.00293477
  18  23      0.0008726396
  18  24      0.000464236
  18  25      0.06286314
  18  28      0.006131223
  18  34      0.0000009625918
  18  36      0.000263653
  18  39      0.0007981964
  18  46      0.001871419
  18  50      0.0002284992
  18  51      0.002832977
  18  52      0.00001685311
  18  55      0.0002378046
  18  57      0.00004973218
  18  58      0.0001054612
  18  59      0.0003618766
  18  60      0.0000002967388
  18  61      0.000008995218
  18  62      0.000003474016
  18  63      0.0000496288
  18  64      0.0000279162
  18  65      0.0002801959
  18  66      0.000007558051
  18  67      0.00002109224
  18  68      0.0000002688226
  18  72      0.00001251059
  18  73      0.0000108563
  18  74      0.00004807789
  18  86      0.0003360283
  18  87      0.0004569984
  18  91      0.000002398725
  18  93      0.1623275
  19  14      0.00003300833
  19  21      0.005028916
  19  22      0.01660125
  19  23      0.00007436581
  19  24      0.0009902497
  19  25      0.002592124
  19  28      0.0001737791
  19  34      0.0000000820354
  19  36      0.0002495041
  19  37      0.0017475
  19  39      0.002242624
  19  40      0.0003271708
  19  41      0.0001388291
  19  42      0.0006824957
  19  43      0.000005883249
  19  45      0.00009591831
  19  46      0.00007747248
  19  49      0.005096874
  19  50      0.001708666
  19  52      0.000001436833
  19  59      0.00003427041
  19  63      0.000004698832
  19  64      0.000002640666
  19  65      0.00002650374
  19  72      0.000001184416
  19  73      0.000001029083
  19  74      0.000004543499
  19  93      0.0122325
  20  14      0.00006908195
  20  23      0.0253494
  20  24      0.0008107938
  20  25      0.01596432
  20  28      0.0003279941
  20  36      0.001596432
  20  37      0.003841111
  20  38      0.0002128576
  20  39      0.006675988
  20  40      0.0002205979
  20  41      0.0002592992
  20  42      0.001886692
  20  43      0.00001112665
  20  45      0.0006211571
  20  46      0.0001451302
  20  49      0.02457538
  20  50      0.004199099
  20  52      0.000002709096
  20  53      0.0001635133
  20  91      0.0000004286177
  20  93      0.01315847
  21  28      0.0006001154
  21  33      0.00004772965
  21  34      0.000000283582
  21  36      0.00002346541
  21  37      0.0001987071
  21  38      0.0003904245
  21  41      0.0005811434
  21  43      0.00002027012
  21  46      0.0003614672
  21  48      0.00005851375
  21  50      0.001477822
  21  51      0.0008048137
  21  54      0.0002426423
  21  55      0.00006989697
  21  57      0.00001467837
  21  58      0.00003085452
  21  59      0.0001068425
  21  60      0.00000008747107
  21  61      0.0000026461
  21  62      0.000001018499
  21  63      0.00002915702
  21  64      0.00001637586
  21  65      0.00008237857
  21  66      0.000002226718
  21  67      0.000006210845
  21  68      0.00000007918328
  21  72      0.000007379123
  21  73      0.000003185305
  21  74      0.0000141791
  21  86      0.00006839917
  21  87      0.0001038469
  21  90      0.0000001188249
  21  91      0.0000007059594
  21  93      0.03854319
  22  28      0.006909969
  22  33      0.000001435559
  22  34      0.000002753274
  22  36      0.0002078347
  22  37      0.001939076
  22  38      0.003792448
  22  41      0.002324749
  22  43      0.0002003355
  22  46      0.001821232
  22  48      0.0003246078
  22  50      0.0119987
  22  51      0.008131265
  22  54      0.000982394
  22  55      0.0006170762
  22  57      0.0001296289
  22  58      0.0002731848
  22  59      0.0009416841
  22  60      0.0000007724166
  22  61      0.00002335462
  22  62      0.000009020455
  22  63      0.0002581864
  22  64      0.0001446272
  22  65      0.0007274215
  22  66      0.00001960503
  22  67      0.00005485123
  22  68      0.0000006995673
  22  72      0.00006524296
  22  73      0.00002817553
  22  74      0.0001253436
  22  86      0.0007113517
  22  87      0.001135592
  22  90      0.000001053101
  22  91      0.000006235041
  22  93      0.2164052
  23  28      0.00673934
  23  33      0.000001188149
  23  34      0.000002717162
  23  36      0.0002259432
  23  37      0.00190883
  23  38      0.003749488
  23  39      0.003535232
  23  41      0.00227891
  23  42      0.007995661
  23  43      0.0001947786
  23  45      0.0003739749
  23  46      0.001977003
  23  48      0.0003204108
  23  49      0.03700794
  23  50      0.01480317
  23  51      0.007421065
  23  53      0.001519273
  23  54      0.0009709714
  23  55      0.0006710123
  23  57      0.0001402406
  23  58      0.0002970374
  23  59      0.001022588
  23  60      0.0000008394958
  23  61      0.00002541861
  23  62      0.000009836319
  23  63      0.0002804812
  23  64      0.0001577707
  23  65      0.0007917751
  23  66      0.00002132826
  23  67      0.00005969964
  23  68      0.0000007606105
  23  72      0.00007089942
  23  73      0.00003058024
  23  74      0.0001353711
  23  86      0.0007537932
  23  87      0.001490056
  23  90      0.000001149194
  23  91      0.000006778296
  23  93      0.1996481
  24  28      0.00004227292
  24  33      0.000003809537
  24  34      0.00000001999261
  24  35      0.000005391042
  24  43      0.000001303001
  24  46      0.00001690917
  24  48      0.0000007897577
  24  50      0.00007808058
  24  73      0.0000002267818
  24  74      0.000001004604
  24  93      0.001730703
  25  28      0.01869788
  25  33      0.00002901748
  25  34      0.000004567188
  25  35      0.0005139363
  25  39      0.001004373
  25  43      0.0002728052
  25  45      0.0006171323
  25  46      0.0007141978
  25  47      0.0002779139
  25  48      0.0006457411
  25  50      0.01501961
  25  51      0.005221102
  25  55      0.001767614
  25  57      0.0003576097
  25  58      0.0007540457
  25  60      0.000002135441
  25  61      0.00006467629
  25  62      0.00002493051
  25  63      0.000356588
  25  64      0.0002002614
  25  65      0.002012832
  25  66      0.00005425451
  25  67      0.0001512179
  25  68      0.000001931093
  25  72      0.00009021984
  25  73      0.00007785675
  25  74      0.0003453489
  25  83      0.0002993705
  25  86      0.002278485
  25  87      0.000356588
  25  91      0.000008613287
  25  92      0.2789356
  25  93      0.2789356
  26  28      0.002376457
  26  35      0.0003025489
  26  43      0.0000267601
  26  48      0.00004273628
  26  55      0.0002516248
  26  57      0.00005262154
  26  58      0.0001108347
  26  60      0.000000314531
  26  61      0.000009515812
  26  62      0.000003674521
  26  63      0.00005252169
  26  64      0.00002955593
  26  65      0.0002965578
  26  66      0.000007998075
  26  67      0.00002236665
  26  68      0.0000002845757
  26  72      0.0000132802
  26  73      0.00001148288
  26  74      0.00005082422
  26  83      0.000706946
  26  86      0.0002456338
  26  87      0.0004742928
  26  91      0.000001268109
  26  92      0.05252169
  27  28      0.0003599111
  27  33      0.000003399161
  27  34      0.0000001695233
  27  35      0.00004590171
  27  43      0.00001217091
  27  46      0.0001590911
  27  48      0.00001425735
  27  50      0.0006659225
  27  55      0.00003807755
  27  57      0.000007980638
  27  58      0.0000168654
  27  60      0.00000004772734
  27  61      0.000001443122
  27  62      0.0000005572537
  27  63      0.000007963251
  27  64      0.000004477155
  27  65      0.00004494542
  27  66      0.000001208397
  27  67      0.000003390467
  27  68      0.00000004320672
  27  72      0.000002016893
  27  73      0.000001738701
  27  74      0.000007711139
  27  86      0.00003729514
  27  87      0.00005668165
  27  91      0.0000003851223
  27  93      0.01756088
  28  33      0.000222246
  28  34      0.0000004019568
  28  35      0.0001084645
  28  43      0.00002881754
  28  46      0.0004136539
  28  47      0.00009198217
  28  48      0.00003381541
  28  50      0.001573799
  28  55      0.00009921315
  28  57      0.00002073586
  28  58      0.00004381116
  28  60      0.0000001244152
  28  61      0.000003753723
  28  62      0.000001446194
  28  63      0.00002073586
  28  64      0.00001169716
  28  65      0.0001169716
  28  66      0.000003158232
  28  67      0.000008815401
  28  68      0.000000112718
  28  72      0.000005242453
  28  73      0.000004519356
  28  74      0.00002009784
  28  83      0.00006975757
  28  86      0.00009708638
  28  87      0.0001478095
  28  91      0.000001001702
  28  93      0.02233093
  29  43      0.0003566822
  29  45      0.004056999
  29  48      0.000007540386
  29  49      0.01126365
  29  50      0.002117149
  29  51      0.004682757
  29  53      0.0003306089
  29  55      0.001230658
  29  57      0.0005141646
  29  58      0.0005423237
  29  59      0.00374412
  29  63      0.0002565609
  29  64      0.0001439244
  29  65      0.001449673
  29  66      0.00003900559
  29  67      0.0001095077
  29  68      0.000001387097
  29  72      0.00006487026
  29  83      0.003452099
  29  86      0.005360662
  29  87      0.01533107
  29  93      0.4255155
  30  21      0.0006745707
  30  22      0.009081883
  30  36      0.000349453
  30  37      0.0008770393
  30  39      0.001518514
  30  40      0.0002384846
  30  42      0.002248569
  30  45      0.001129152
  30  46      0.00003582137
  30  49      0.00464315
  30  53      0.00009734066
  30  55      0.00001041545
  30  59      0.00001586653
  30  63      0.000002170697
  30  64      0.000001216758
  30  65      0.00001226492
  30  72      0.0000005490014
  30  73      0.000000474049
  30  74      0.000002102558
  30  86      0.00001012343
  30  93      0.006677569
  31  26      0.00153284
  31  32      0.00637499
  31  39      0.004202621
  31  40      0.0001583596
  31  42      0.003248403
  31  45      0.0003898084
  31  53      0.0005461377
  31  55      0.0007400268
  31  56      0.005441074
  31  57      0.0001553143
  31  59      0.00451731
  31  63      0.0001542991
  31  64      0.00008689477
  31  65      0.0008730082
  31  66      0.00002355092
  31  67      0.00006578016
  31  68      0.0000008395091
  31  70      0.0000177647
  31  72      0.00003908234
  31  73      0.00003380369
  31  74      0.0001502386
  31  75      0.000001888134
  31  77      0.00001746016
  31  78      0.00005278655
  31  79      0.0000427368
  31  80      0.01096336
  31  83      0.006243024
  31  84      0.00001969344
  31  85      0.000104558
  31  86      0.003715361
  31  87      0.004740638
  31  92      0.1786622
  31  93      0.02182521
  32  56      0.00005403828
  32  59      0.00002244667
  32  77      0.000000173546
  32  78      0.0000005237557
  32  79      0.0000004250319
  32  80      0.00009861987
  32  83      0.00001034002
  32  86      0.00001444485
  32  87      0.00002192707
  32  92      0.001579581
  33  93      0.0002356633
  34  33      0.00000208388
  34  71      0.00000000564561
  34  92      0.000002743066
  34  93      0.000010951
  35  44      0.00001455114
  35  57      0.00001380765
  35  58      0.00006415246
  35  63      0.00000602226
  35  71      0.000001010083
  35  93      0.0005045102
  36  33      0.000001033716
  36  35      0.000001063824
  36  38      0.00000544959
  36  43      0.0000002268154
  36  44      0.00003101148
  36  46      0.000003693277
  36  48      0.000008370089
  36  50      0.0006714136
  36  54      0.000005078256
  36  55      0.00001053788
  36  57      0.00002629452
  36  60      0.0000002017252
  36  61      0.00003251689
  36  62      0.0000125451
  36  63      0.00001144113
  36  64      0.000004947787
  36  65      0.00004987931
  36  68      0.0000005610167
  36  72      0.000001525484
  36  73      0.0000003151328
  36  74      0.000004235224
  36  90      0.0000008530666
  36  93      0.002137684
  37  33      0.000004301675
  37  35      0.000004450743
  37  38      0.00002267962
  37  39      0.00000381188
  37  43      0.0000009455166
  37  44      0.0001288373
  37  46      0.00001543918
  37  48      0.00003545687
  37  50      0.002800348
  37  54      0.00002118894
  37  55      0.00004397504
  37  57      0.0001096714
  37  60      0.0000008411691
  37  61      0.00003396619
  37  62      0.00001309668
  37  63      0.00004759526
  37  64      0.00002065656
  37  65      0.0002076303
  37  68      0.000001171248
  37  72      0.000006346036
  37  73      0.000001309668
  37  74      0.0000176752
  37  90      0.000002374439
  37  93      0.004482686
  38  33      0.000003306248
  38  44      0.00009918745
  38  54      0.00001631794
  38  55      0.00003743527
  38  57      0.00009310822
  38  58      0.0002549011
  38  60      0.0000007156428
  38  61      0.00005769937
  38  62      0.00002229051
  38  63      0.00004052821
  38  68      0.000001994414
  38  71      0.000003402236
  38  90      0.000001008939
  38  93      0.006409856
  39  33      0.00001481554
  39  35      0.00001534466
  39  38      0.0000783107
  39  43      0.000003259418
  39  44      0.0004455243
  39  45      0.0003153592
  39  46      0.00005164272
  39  48      0.0001206408
  39  50      0.008582428
  39  54      0.00007301942
  39  55      0.0001682622
  39  57      0.0004719806
  39  60      0.000003217088
  39  61      0.0002592719
  39  62      0.0001002165
  39  63      0.0001820194
  39  64      0.0001576796
  39  65      0.001597961
  39  66      0.000003164175
  39  68      0.000004486991
  39  72      0.00004857379
  39  73      0.00001006398
  39  74      0.0001354563
  39  86      0.0000121699
  39  87      0.00001851942
  39  90      0.000004539903
  39  93      0.01079418
  40  33      0.0000007294216
  40  35      0.0000007549035
  40  39      0.000003801061
  40  43      0.0000001932383
  40  44      0.00002187203
  40  45      0.00001560771
  40  46      0.000002378318
  40  48      0.000005913942
  40  50      0.0004746018
  40  54      0.000003588711
  40  55      0.00001000168
  40  57      0.00002484493
  40  60      0.0000001911148
  40  61      0.00001539536
  40  62      0.000005945794
  40  63      0.00002165968
  40  64      0.000009375244
  40  65      0.00009449566
  40  68      0.0000002654373
  40  72      0.000002887957
  40  73      0.0000005977647
  40  74      0.000008026822
  40  93      0.00202794
  41  33      0.000002313535
  41  35      0.000002390976
  41  43      0.0000005072353
  41  44      0.00006940605
  41  48      0.00001877932
  41  50      0.00151009
  41  55      0.00002361935
  41  57      0.00005885478
  41  60      0.0000004520589
  41  61      0.00007289088
  41  62      0.00002816898
  41  63      0.00002555537
  41  64      0.00002216734
  41  65      0.0002236095
  41  66      0.0000004443149
  41  67      0.000001461689
  41  68      0.0000006292041
  41  72      0.000006824444
  41  73      0.000001413289
  41  74      0.00001897292
  41  90      0.0000006379161
  41  93      0.00302018
  42  33      0.000005162642
  42  35      0.000005341312
  42  38      0.00002727078
  42  43      0.000001344732
  42  44      0.0001551614
  42  48      0.00004184655
  42  50      0.003357128
  42  54      0.00002539004
  42  55      0.00006262877
  42  57      0.0002031203
  42  60      0.000001194272
  42  61      0.0000968583
  42  62      0.00003723873
  42  63      0.00006780081
  42  64      0.00005877324
  42  65      0.0005924343
  42  66      0.000001175465
  42  67      0.000003883736
  42  68      0.000001664458
  42  72      0.00001805514
  42  73      0.00000374268
  42  74      0.00005030989
  42  90      0.000005068604
  42  93      0.007128019
  43  33      0.0000006260577
  43  44      0.00001883524
  43  57      0.00001722996
  43  58      0.00003991786
  43  63      0.00001498258
  43  64      0.000003242657
  43  71      0.0000006271278
  43  90      0.000000558636
  43  93      0.0007298655
  44  58      0.0001996095
  44  71      0.000003129013
  44  90      0.0000004650361
  44  93      0.002665056
  45  35      0.0000002986573
  45  43      0.000007921764
  45  48      0.000002330507
  45  50      0.00004807894
  45  55      0.00009889965
  45  57      0.0005875228
  45  58      0.001116293
  45  60      0.0000003525136
  45  61      0.00002839693
  45  62      0.00001096709
  45  63      0.00003995154
  45  64      0.00001733192
  45  65      0.0001742984
  45  67      0.000001145669
  45  68      0.0000009792045
  45  71      0.00000167444
  45  72      0.000005326873
  45  74      0.000003701393
  45  85      0.000008411367
  45  86      0.00002673228
  45  87      0.00004700182
  45  93      0.001742984
  46  33      0.000003774969
  46  35      0.000003903297
  46  43      0.0000007763818
  46  44      0.0001112172
  46  48      0.00003058474
  46  50      0.00232059
  46  54      0.0000186075
  46  55      0.0000402093
  46  57      0.0001000955
  46  58      0.000232059
  46  60      0.000000768896
  46  61      0.00012405
  46  62      0.00004780202
  46  63      0.00004352443
  46  64      0.00001882137
  46  65      0.0001903526
  46  67      0.000001251194
  46  68      0.000002138793
  46  71      0.000003646642
  46  72      0.000005796128
  46  73      0.000001197724
  46  74      0.00001614789
  46  90      0.000002170874
  46  92      0.001154948
  46  93      0.001154948
  47  33      0.000001739195
  47  35      0.000001803214
  47  44      0.00005238924
  47  55      0.00001824554
  47  57      0.0000453471
  47  58      0.0001050986
  47  60      0.0000003478389
  47  61      0.00002806186
  47  62      0.0000108833
  47  63      0.00001973933
  47  68      0.0000004844138
  47  71      0.000001653836
  47  90      0.000001963263
  47  93      0.003350351
  48  33      0.000002128258
  48  35      0.000002203122
  48  44      0.00006395469
  48  57      0.00003080092
  48  58      0.00007133409
  48  60      0.0000002363543
  48  61      0.00001903668
  48  62      0.000007357998
  48  63      0.00001336846
  48  68      0.0000003293988
  48  71      0.00000112295
  48  90      0.0000003336767
  48  93      0.001550741
  49  33      0.00003285701
  49  35      0.00003399327
  49  44      0.0009847634
  49  48      0.0002670223
  49  50      0.01069983
  49  54      0.0001619178
  49  55      0.0003153136
  49  57      0.0007887575
  49  58      0.002007402
  49  60      0.000006031675
  49  63      0.0003408796
  49  64      0.000295429
  49  65      0.002982697
  49  66      0.000005918048
  49  67      0.00001950589
  49  68      0.00001675992
  49  71      0.00005728671
  49  72      0.00009090123
  49  73      0.00001884307
  49  74      0.000252819
  49  86      0.00002282
  49  87      0.0000346561
  49  90      0.00004251526
  49  93      0.06391492
  50  33      0.00003216673
  50  35      0.00003323185
  50  44      0.0009639367
  50  55      0.0003600117
  50  57      0.0009362435
  50  58      0.002343272
  50  60      0.000006880697
  50  61      0.001107728
  50  62      0.0004281796
  50  63      0.0003898352
  50  68      0.00001917222
  50  71      0.00006529207
  50  86      0.00002598901
  50  87      0.00003962259
  50  90      0.00002907787
  50  93      0.06518555
  51  33      0.0000352341
  51  35      0.00003651534
  51  43      0.000007730149
  51  44      0.001054888
  51  48      0.0002850759
  51  54      0.0001729674
  51  55      0.0003277839
  51  57      0.0008840557
  51  58      0.002103369
  51  60      0.0000062674
  51  61      0.001010044
  51  62      0.0003897105
  51  63      0.0003544764
  51  64      0.0001537488
  51  66      0.000006149953
  51  68      0.00001740351
  51  71      0.00005947089
  51  86      0.00002370294
  51  87      0.00003608826
  51  90      0.00001761705
  51  93      0.01409364
  52  33      0.0000009378004
  52  35      0.0000009710706
  52  43      0.0000003680503
  52  44      0.0000281756
  52  50      0.0006113378
  52  54      0.000004616224
  52  55      0.00001715489
  52  57      0.00004262729
  52  58      0.00009877056
  52  63      0.00001850648
  52  71      0.000003108673
  52  90      0.000002308112
  52  93      0.004595431
  53  33      0.000001071185
  53  35      0.00000110269
  53  43      0.0000002257889
  53  44      0.00003203052
  53  46      0.000003476099
  53  48      0.000008653492
  53  50      0.0006941697
  53  54      0.000005250905
  53  55      0.00001010274
  53  57      0.00002509933
  53  60      0.0000001932333
  53  61      0.000007781841
  53  62      0.000003003518
  53  63      0.00002184377
  53  64      0.000009472633
  53  65      0.00009546146
  53  67      0.0000006259079
  53  68      0.0000002688463
  53  72      0.000002909002
  53  73      0.0000006038541
  53  74      0.000008107399
  53  93      0.001963839
  54  33      0.000001634017
  54  35      0.000001698096
  54  44      0.00004912729
  54  55      0.00001185463
  54  57      0.00002958318
  54  58      0.00006856462
  54  60      0.0000002274807
  54  61      0.00003663187
  54  62      0.0000142042
  54  63      0.00001292261
  54  64      0.00000557488
  54  65      0.00005617599
  54  68      0.000000632247
  54  71      0.000001078664
  54  72      0.000001719455
  54  73      0.0000003556389
  54  74      0.000004773891
  54  90      0.000001281582
  54  93      0.0008052604
  55  58      0.0001958427
  55  63      0.000005785354
  55  64      0.000003007585
  55  70      0.00002018379
  55  76      0.000008982786
  55  80      0.0006404856
  55  84      0.00000338728
  55  85      0.00001129093
  55  86      0.0001798556
  55  92      0.005875282
  55  93      0.005875282
  56  57      0.00005600881
  56  58      0.00003290251
  56  59      0.000648467
  56  63      0.000003013402
  56  64      0.000001565265
  56  65      0.00004195337
  56  70      0.000005270791
  56  72      0.000007794381
  56  76      0.000002342574
  56  92      0.00198054
  57  55      0.0003814456
  57  58      0.00008953514
  57  63      0.000008206558
  57  64      0.000004272589
  57  65      0.0001145333
  57  70      0.00001434156
  57  76      0.000006364066
  57  80      0.0004521574
  57  84      0.000002400219
  57  85      0.000007987451
  57  86      0.0001274805
  57  92      0.003067499
  57  93      0.003067499
  58  55      0.0001598039
  58  57      0.0001068752
  58  63      0.000006789122
  58  64      0.000003531972
  58  70      0.00002371612
  58  76      0.00001048395
  58  80      0.0005160547
  58  84      0.000001984826
  58  85      0.000006605907
  58  86      0.0001058574
  58  92      0.004061259
  58  93      0.004061259
  59  55      0.0004580241
  59  57      0.003976039
  59  58      0.0007250424
  59  63      0.000009404112
  59  64      0.000004892087
  59  65      0.0001305856
  59  70      0.00001646938
  59  72      0.00002436298
  59  76      0.00000729915
  59  80      0.00006763164
  59  86      0.00001929548
  59  87      0.00003664193
  59  92      0.001393563
  59  93      0.001393563
  60  92      0.000003771992
  60  93      0.000003771992
  61  71      0.000002885943
  61  92      0.0003634551
  61  93      0.0003634551
  62  71      0.000004441377
  62  92      0.0001394009
  62  93      0.0001394009
  63  71      0.000003008879
  63  84      0.00002112193
  63  85      0.000001454624
  63  86      0.00008249508
  63  88      0.0000031384
  63  92      0.01026207
  63  93      0.01026207
  64  57      0.00005849007
  64  58      0.00008500423
  64  70      0.0000002413088
  64  71      0.000006246222
  64  76      0.0000001072483
  64  84      0.00004260142
  64  85      0.0000007566966
  64  86      0.00004280003
  64  88      0.000006514344
  64  92      0.005044644
  64  93      0.005044644
  65  57      0.00008163712
  65  58      0.0001184734
  65  70      0.000002021016
  65  71      0.000006540925
  65  76      0.0000008970127
  65  84      0.00003524334
  65  85      0.000006341811
  65  86      0.0001911503
  65  88      0.000006829643
  65  92      0.04440263
  65  93      0.04440263
  66  55      0.00003774644
  66  57      0.00002432763
  66  58      0.00003542952
  66  70      0.0000001003997
  66  71      0.000002596878
  66  76      0.00000004460065
  66  84      0.000003504337
  66  86      0.00001776303
  66  88      0.0000006786637
  66  92      0.0001139151
  66  93      0.0001139151
  67  55      0.00004732479
  67  57      0.00003054776
  67  58      0.00004441548
  67  70      0.0000001260701
  67  71      0.000003258428
  67  76      0.00000005585877
  67  84      0.000004383362
  67  86      0.00002230472
  67  88      0.0000008504885
  67  92      0.0001076445
  67  93      0.0001076445
  68  92      0.000009094126
  68  93      0.000009094126
  69  92      0.0001361352
  69  93      0.0001361352
  70  92      0.00001174006
  70  93      0.00001174006
  71  92      0.00003200879
  71  93      0.00003200879
  72  57      0.00002129685
  72  58      0.00003097723
  72  70      0.0000000878979
  72  71      0.00000227489
  72  76      0.00000003901195
  72  84      0.00001229409
  72  86      0.00001558542
  72  88      0.000002371695
  72  92      0.0000650522
  72  93      0.0000650522
  73  58      0.00005168212
  73  71      0.000001572499
  73  84      0.000001272021
  73  92      0.00002443883
  73  93      0.00002443883
  74  57      0.00005124509
  74  58      0.00007457457
  74  70      0.0000002113611
  74  71      0.000006739627
  74  76      0.0000000939161
  74  84      0.000004915142
  74  92      0.0001565268
  74  93      0.0001565268
  75  92      0.0000003522493
  75  93      0.0000003522493
  76  92      0.000004295287
  76  93      0.000004295287
  77  88      0.0000005765952
  77  92      0.000004860891
  77  93      0.000004860891
  78  55      0.000004742835
  78  57      0.000003729991
  78  58      0.000004567535
  78  80      0.000002756103
  78  84      0.000001256316
  78  86      0.000002648976
  78  88      0.000001938037
  78  92      0.00001343966
  78  93      0.00001343966
  79  55      0.000002445864
  79  57      0.000002056085
  79  58      0.000001403205
  79  84      0.0000001032915
  79  86      0.000003819835
  79  88      0.0000009452143
  79  92      0.000003732135
  79  93      0.000003732135
  80  92      0.01402927
  81  57      0.000002085699
  81  58      0.000006687631
  81  70      0.00000005223814
  81  71      0.0000008974245
  81  76      0.00000002315317
  81  80      0.00003635621
  81  84      0.00007089462
  81  88      0.00005271652
  81  92      0.0008524575
  82  70      0.0000003528359
  82  71      0.000006067554
  82  76      0.0000001570426
  82  84      0.00003997447
  82  88      0.00002233268
  82  92      0.006710001
  83  55      0.00008815335
  83  57      0.00001738665
  83  58      0.00004971971
  83  70      0.0000002846936
  83  71      0.000004900798
  83  76      0.0000001260786
  83  80      0.0001982688
  83  84      0.00009679584
  83  85      0.00002287717
  83  88      0.00007188514
  83  92      0.009374555
  84  92      0.0001183727
  85  92      0.0003064501
  86  88      0.00005002998
  86  92      0.007468243
  87  57      0.00001387113
  87  58      0.0000778035
  87  70      0.0000008823291
  87  71      0.00001512266
  87  76      0.0000003921463
  87  84      0.00002492632
  87  88      0.00002231896
  87  92      0.005193853
  88  92      0.0001303509
  89  85      0.000003254414
  89  88      0.0002413273
  89  92      0.005908014
  90  92      0.0000190056
  90  93      0.0000190056
  91  92      0.00002510034
  91  93      0.00002510034
  92   8    506.5254
  92   9     44.87815
  92  10     26.94715
  92  11     18.84274
  92  12      0.03687505
  92  14      0.0399142
  92  15      0.2583279
  92  16      0.03555808
  92  18      0.1306835
  92  19      0.0219832
  92  20      0.03525417
  92  21      0.047816
  92  22      0.3008761
  92  23      0.3545678
  92  24      0.0008307016
  92  25      0.5865564
  92  26      0.05024732
  92  27      0.01306835
  92  28      0.009998811
  92  29      0.2167929
  92  30      0.011954
  92  31      0.2917586
  92  34      0.00000002907456
  92  39      0.008671715
  92  40      0.001337227
  92  46      0.001094095
  92  52      0.001742447
  92  69      0.0011954
  92  80      0.0120553
  93   6      2.835173
  93   7      0.4884568
  93  12      0.02813936
  93  13      0.2665275
  93  14      0.03047545
  93  16      0.0301569
  93  17      0.0455539
  93  18      0.0997089
  93  19      0.01603412
  93  20      0.02686512
  93  21      0.03780231
  93  22      0.2293623
  93  23      0.270775
  93  24      0.000633932
  93  25      0.4470441
  93  28      0.007719741
  93  29      0.1645887
  93  30      0.009121399
  93  34      0.00000003047546
  93  36      0.0004767763
  93  37      0.002336098
  93  39      0.006052617
  93  40      0.00102045
  93  45      0.00009418721
  93  46      0.0008367477
  93  49      0.005840244
  93  51      0.001847641
  93  52      0.001327328
  93  53      0.0006445506
  93  92     27.60843
  93  94      3.185588
  94   6      7.865288
  94  13      0.001504236
