G1 weighted
  95   1    156.0
  95   2    583.0
  95   3    720.0
  95   4     30.0
  95   5     30.0
  95  12      0.000334
  95  60      0.0000188
  95  61      0.00319
  95  62      0.000564
  95  63      0.043
  95  64      0.0208
  95  65      0.185
  95  66      0.000691
  95  67      0.0013
  95  68      0.0000993
  95  69      0.000588
  95  70      0.0000547
  95  71      0.000141
  95  72      0.000858
  95  73      0.000257
  95  74      0.000826
  95  75      0.00000105
  95  76      0.0000187
  95  77      0.000013
  95  78      0.0000494
  95  79      0.000052
  95  93      0.68
  95  94     11.4
   1  96     16.03677
   2  96     34.05136
   3  96     88.58138
   4  96      2.999503
   5  96      2.999497
  21  96      0.005337034
  24  96      0.000009750076
  28  96      0.005384067
  29  96      0.001069895
  45  96      0.00001446343
  48  96      0.00004407797
  50  96      0.001084112
  60  96      0.000004416002
  61  96      0.000784096
  62  96      0.0001391784
  63  96      0.003261939
  64  96      0.001550778
  65  96      0.01402247
  66  96      0.000193445
  67  96      0.0003061244
  68  96      0.00002420846
  69  96      0.0001350168
  70  96      0.00001245841
  71  96      0.00003424094
  72  96      0.0001739069
  73  96      0.00005458463
  74  96      0.0001711391
  75  96      0.000000316929
  76  96      0.000004247372
  77  96      0.000004429933
  78  96      0.0000145481
  79  96      0.000008642543
  92  96    121.04259999999999
  93  96     14.92191
  94  96     44.92665
   1  97     78.17923999999999
   2  97    291.43959999999998
   3  97    362.37830000000002
   6  97     10.60004
   7  97      0.4390609
   8  97    285.20170000000002
   9  97     67.61275999999999
  10  97     70.32939
  11  97     34.22533
  12  97      0.06391862
  13  97      0.1848823
  14  97      0.0699801
  15  97      0.7012255
  16  97      0.09960317
  17  97      0.02453827
  18  97      0.6462975
  19  97      0.03676389
  20  97      0.0416389
  21  97      0.07674655
  22  97      0.5238658
  23  97      0.5540714
  24  97      0.003168775
  25  97      1.062831
  26  97      0.1534123
  27  97      0.03175491
  28  97      0.06073228
  29  97      0.005378654
  30  97      0.008730059
  31  97      0.3235378
  32  97      0.004068669
  33  97      0.0003710435
  34  97      0.00000156248
  35  97      0.0005804513
  36  97      0.001193161
  37  97      0.01499255
  38  97      0.001317611
  39  97      0.04154387
  40  97      0.001575873
  41  97      0.002064802
  42  97      0.005625839
  43  97      0.0003976716
  44  97      0.001447546
  45  97      0.0004290818
  46  97      0.007748975
  47  97      0.003729651
  48  97      0.001069993
  49  97      0.03652645
  50  97      0.03794392
  51  97      0.03798878
  52  97      0.0006647944
  53  97      0.001347852
  54  97      0.003385659
  55  97      0.00455375
  56  97      0.003371855
  57  97      0.004332106
  58  97      0.003267402
  59  97      0.006670099
  60  97      0.00006036653
  61  97      0.01026714
  62  97      0.001811528
  63  97      0.03491371
  64  97      0.01667818
  65  97      0.1501697
  66  97      0.001679669
  67  97      0.003434333
  68  97      0.0003148185
  69  97      0.001839206
  70  97      0.0001685549
  71  97      0.000443944
  72  97      0.002428867
  73  97      0.0007641849
  74  97      0.002397938
  75  97      0.000002813761
  76  97      0.00005792827
  77  97      0.00002856511
  78  97      0.00009698729
  79  97      0.0001274221
  80  97      0.05065214
  81  97      0.01442345
  82  97      0.0138651
  83  97      0.03658373
  84  97      0.002599949
  85  97      0.001104257
  86  97      0.02691871
  87  97      0.04081551
  88  97      0.0007002356
  89  97      0.0214379
  90  97      0.0001583329
  91  97      0.0003287692
   1   6      2.676136
   1   7      0.4610571
   1  11     13.02987
   1  12      0.002786388
   1  13      0.03357698
   1  17      0.007136362
   1  29      0.001473378
   1  30      0.004219675
   1  39      0.00302694
   1  40      0.0001854251
   1  45      0.00005602846
   1  92     40.09192
   1  94      5.472547
   2   6      2.674033
   2   9     24.23656
   2  10     24.23656
   2  11     14.42175
   2  14      0.01281933
   2  15      0.3986012
   2  16      0.01702568
   2  18      0.2423656
   2  19      0.03725619
   2  20      0.06469758
   2  21      0.01692553
   2  22      0.1722598
   2  23      0.05318021
   2  25      0.1972976
   2  26      0.01602417
   2  27      0.02643988
   2  29      0.004246405
   2  30      0.004336541
   2  31      0.2083142
   2  39      0.01241873
   2  40      0.001041571
   2  42      0.0003024562
   2  47      0.0004877356
   2  51      0.006339562
   2  52      0.0004116208
   2  53      0.000380574
   2  55      0.00282426
   2  66      0.001512281
   2  67      0.001442175
   2  75      0.0000004737145
   2  77      0.00001171767
   2  78      0.00005938957
   2  80      0.03074637
   2  81      0.02553852
   2  82      0.01962961
   2  83      0.03565378
   2  85      0.001382085
   2  86      0.008783247
   2  89      0.03204834
   2  91      0.0003625468
   2  92    135.2039
   2  93     22.03323
   2  94     33.04985
   3  15      0.001519976
   3  26      0.1540108
   3  31      0.1147531
   3  55      0.002204468
   3  82      0.002184336
   3  89      0.001701165
   3  92    243.59880000000001
   3  93     25.16516
   4  31      0.002779539
   4  55      0.002189637
   4  92     26.99553
   5  31      0.002839524
   5  55      0.002189633
   5  92     26.99547
   6   7      0.492527
   6  12      0.01734552
   6  13      0.004175772
   6  14      0.0003715367
   6  17      0.0008886901
   6  29      0.001627481
   6  30      0.002248493
   6  92      2.612535
   6  93      2.612535
   7  12      0.00223712
   7  13      0.001285821
   7  14      0.0001149921
   7  21      0.00005927322
   7  22      0.08164442
   7  23      0.03000249
   7  25      0.2153489
   7  29      0.0005247823
   7  30      0.0006899529
   7  36      0.0003104788
   7  37      0.006470921
   7  39      0.002665727
   7  41      0.0005321
   7  42      0.006460467
   7  45      0.00008770764
   7  46      0.0003418403
   7  49      0.04286071
   7  50      0.01285821
   7  53      0.000343931
   7  54      0.0006293206
   7  93      0.5958683
   8   9     64.47595
   8  10     57.65148
   8  11     60.19792
   8  12      0.01650096
   8  14      0.01721396
   8  15      0.1089878
   8  16      0.01212107
   8  18      0.07893974
   8  19      0.006467966
   8  20      0.01120435
   8  23      0.05388275
   8  27      0.005113259
   8  29      0.0002750159
   8  30      0.0009982059
   8  52      0.0005581804
   8  92     40.7431
   9  10     16.87777
   9  11     10.98072
   9  14      0.006425754
   9  15      0.04066933
   9  16      0.004148271
   9  18      0.01992797
   9  19      0.0002368988
   9  20      0.000411777
   9  29      0.0001026901
   9  30      0.0003700909
   9  52      0.0002074136
   9  92     38.22917
  10  11     11.42192
  10  14      0.006683936
  10  15      0.04230339
  10  16      0.004441856
  10  18      0.02072866
  10  19      0.0002464173
  10  20      0.0004283219
  10  29      0.0001068161
  10  30      0.0003881337
  10  52      0.0002157473
  10  92     43.99553
  11  14      0.04003142
  11  15      0.06050551
  11  16      0.0165015
  11  18      0.3422534
  11  19      0.001375125
  11  20      0.00238355
  11  23      0.09870343
  11  24      0.001456614
  11  25      0.05001381
  11  27      0.002251131
  11  29      0.0003239184
  11  30      0.001069542
  11  39      0.005378267
  11  47      0.0005306965
  11  50      0.002465039
  11  52      0.001191775
  11  92     94.11968
  12  13      0.000009264609
  12  21      0.00008649021
  12  22      0.0005940431
  12  36      0.00002349497
  12  37      0.000489393
  12  39      0.0004011586
  12  41      0.00000431938
  12  42      0.00005509519
  12  49      0.0003508856
  12  50      0.0001046501
  12  54      0.000004586135
  12  93      0.04298861
  13  25      0.02984971
  13  36      0.0002881684
  13  47      0.003997175
  13  51      0.004585906
  13  55      0.000493708
  13  63      0.00009987775
  13  64      0.0000560844
  13  65      0.0005845998
  13  66      0.0000261314
  13  67      0.0001177463
  13  68      0.000001507978
  13  72      0.00006713602
  13  73      0.00003635673
  13  74      0.00008944584
  13  91      0.000005112666
  13  92      0.04988723
  13  93      0.1291077
  14  23      0.0004973363
  14  25      0.01598952
  14  28      0.003343263
  14  34      0.0000006520401
  14  39      0.002844888
  14  46      0.001920819
  14  47      0.0008846149
  14  49      0.004308864
  14  50      0.002460724
  14  53      0.00003903934
  14  55      0.0002201154
  14  57      0.00006208917
  14  58      0.00006426956
  14  59      0.0002159623
  14  60      0.000000255417
  14  61      0.0000144321
  14  62      0.00000255417
  14  63      0.00004454223
  14  64      0.00002502256
  14  65      0.0002606084
  14  66      0.00001162874
  14  67      0.00005232933
  14  68      0.0000006696908
  14  72      0.00002990248
  14  73      0.00001619717
  14  74      0.00003986997
  14  91      0.000002273834
  14  93      0.05087573
  15  55      0.00100565
  15  57      0.0002834295
  15  59      0.001973509
  15  63      0.0002036493
  15  64      0.0001144215
  15  65      0.001186205
  15  66      0.00005311678
  15  67      0.0002393404
  15  68      0.00000305474
  15  72      0.0001364661
  15  86      0.002550866
  15  87      0.006760318
  15  92      0.2267436
  16  21      0.004081923
  16  33      0.000003656722
  16  34      0.000004081922
  16  36      0.00009630786
  16  37      0.001360641
  16  39      0.001509461
  16  41      0.0008387076
  16  45      0.00002200411
  16  46      0.0006090994
  16  47      0.0007047695
  16  49      0.003433492
  16  55      0.0001775211
  16  57      0.00004996104
  16  58      0.00005176814
  16  59      0.0001743321
  16  60      0.0000002062221
  16  61      0.00001169301
  16  62      0.000002062221
  16  63      0.00003582312
  16  64      0.00002009071
  16  65      0.0002094111
  16  66      0.000009354407
  16  67      0.00004209483
  16  68      0.0000005389413
  16  72      0.00002402382
  16  73      0.00001307491
  16  74      0.00003210262
  16  86      0.0003561052
  16  87      0.0009141806
  16  91      0.000001828361
  16  93      0.03284672
  17  21      0.002071674
  17  28      0.01840371
  17  33      0.00008759359
  17  34      0.000002071674
  17  36      0.00004887541
  17  37      0.0005380318
  17  46      0.0004203688
  17  47      0.001156517
  17  49      0.004595898
  17  50      0.001709634
  17  51      0.02031447
  17  55      0.0002584564
  17  57      0.00007281028
  17  58      0.00007542502
  17  59      0.0002534281
  17  60      0.0000002996887
  17  61      0.00001699577
  17  62      0.000002996888
  17  63      0.00005219411
  17  64      0.00002936548
  17  65      0.0003057227
  17  66      0.00001367707
  17  67      0.00006134568
  17  68      0.0000007854259
  17  72      0.00003509778
  17  73      0.00001900711
  17  74      0.00004676351
  17  86      0.0005189241
  17  87      0.00184037
  17  91      0.000002675074
  17  93      0.01096177
  18  23      0.0009627673
  18  24      0.0004243575
  18  25      0.1202175
  18  28      0.006165
  18  34      0.000001263825
  18  36      0.000297975
  18  39      0.00232215
  18  46      0.0025482
  18  50      0.00017262
  18  51      0.006524624
  18  52      0.0000117135
  18  55      0.0005486849
  18  57      0.000154125
  18  58      0.00016029
  18  59      0.001078875
  18  60      0.0000006370499
  18  61      0.00003606525
  18  62      0.000006370499
  18  63      0.00011097
  18  64      0.00006226649
  18  65      0.0006493799
  18  66      0.0000289755
  18  67      0.0001304925
  18  68      0.00000166455
  18  72      0.00007449374
  18  73      0.00004038075
  18  74      0.00009925649
  18  86      0.001613175
  18  87      0.003853124
  18  91      0.000005671799
  18  93      0.20961
  19  14      0.00003375682
  19  21      0.006324553
  19  22      0.02172853
  19  23      0.00008254901
  19  24      0.0009418929
  19  25      0.002357157
  19  28      0.0001755743
  19  34      0.0000001086426
  19  36      0.0003113776
  19  37      0.001862445
  19  39      0.002231054
  19  40      0.0003385382
  19  41      0.0001367733
  19  42      0.000246386
  19  43      0.000009991243
  19  45      0.000007750488
  19  46      0.0000697447
  19  49      0.003171977
  19  50      0.001338633
  19  52      0.000001008824
  19  55      0.00004064399
  19  57      0.00001144628
  19  59      0.00007983293
  19  63      0.000008206399
  19  64      0.000004607612
  19  65      0.00004801616
  19  67      0.000009642034
  19  72      0.000005519434
  19  73      0.000002987673
  19  74      0.000007343078
  19  86      0.00008167599
  19  87      0.0002095251
  19  91      0.0000004200202
  19  93      0.01804244
  20  14      0.00006431548
  20  23      0.0207217
  20  24      0.0008288681
  20  25      0.01475933
  20  28      0.0003352615
  20  36      0.002013524
  20  37      0.00456464
  20  38      0.0002433823
  20  39      0.005424786
  20  40      0.0002306756
  20  41      0.0002541341
  20  42      0.00135864
  20  43      0.00001886457
  20  45      0.00005072908
  20  46      0.000127067
  20  49      0.04926292
  20  50      0.005444335
  20  52      0.00000191578
  20  53      0.0001651872
  20  91      0.0000007936803
  20  93      0.04261634
  21  28      0.0006489832
  21  33      0.00007237017
  21  34      0.0000003992101
  21  36      0.00002849976
  21  37      0.0004312323
  21  38      0.0004707264
  21  41      0.0008934195
  21  43      0.00004440412
  21  46      0.0005283663
  21  48      0.0001248866
  21  50      0.002209532
  21  51      0.000771735
  21  54      0.0004333671
  21  55      0.0001622458
  21  57      0.00004568501
  21  58      0.00004728611
  21  59      0.0003180872
  21  60      0.0000001878636
  21  61      0.00001065272
  21  62      0.000001878636
  21  63      0.00006553878
  21  64      0.00003682554
  21  65      0.0001921332
  21  66      0.000008549928
  21  67      0.00003842664
  21  68      0.0000004931419
  21  72      0.00004397716
  21  73      0.00001195495
  21  74      0.00002935369
  21  86      0.000325559
  21  87      0.0008357795
  21  90      0.0000003031435
  21  91      0.000001675828
  21  93      0.05443774
  22  28      0.009061174
  22  33      0.000001842048
  22  34      0.000003279485
  22  36      0.0002342489
  22  37      0.00302394
  22  38      0.003865107
  22  41      0.002970702
  22  43      0.0003034588
  22  46      0.002938759
  22  48      0.0005856223
  22  50      0.01352255
  22  51      0.0087098
  22  54      0.001480027
  22  55      0.001107358
  22  57      0.0003130417
  22  58      0.0003236894
  22  59      0.002182774
  22  60      0.000001288369
  22  61      0.00007293659
  22  62      0.00001288369
  22  63      0.0004482672
  22  64      0.00025235
  22  65      0.001309664
  22  66      0.00005856223
  22  67      0.0002629976
  22  68      0.000003375314
  22  72      0.0003013293
  22  73      0.00008156121
  22  74      0.0002001763
  22  86      0.003290133
  22  87      0.006782571
  22  90      0.000002076297
  22  91      0.00001149949
  22  93      0.284293
  23  28      0.006309672
  23  33      0.000001822326
  23  34      0.000003886927
  23  36      0.0002770357
  23  37      0.002633419
  23  38      0.004582149
  23  39      0.004434678
  23  41      0.00338131
  23  42      0.006678351
  23  43      0.0003591984
  23  45      0.00003275973
  23  46      0.002959963
  23  48      0.0006931159
  23  49      0.03117968
  23  50      0.01464181
  23  51      0.004950828
  23  53      0.001685388
  23  54      0.001759124
  23  55      0.00131671
  23  57      0.000369732
  23  58      0.0003834258
  23  59      0.002580751
  23  60      0.000001527383
  23  61      0.0000862708
  23  62      0.00001527383
  23  63      0.0005308973
  23  64      0.0002981031
  23  65      0.00154845
  23  66      0.00006931159
  23  67      0.0003117968
  23  68      0.000003992263
  23  72      0.0003560383
  23  73      0.00009648847
  23  74      0.0002370077
  23  86      0.003686787
  23  87      0.00887989
  23  90      0.000002454346
  23  91      0.00001358844
  23  93      0.2917828
  24  28      0.00004660536
  24  33      0.000005889045
  24  34      0.00000002866522
  24  35      0.000006522801
  24  43      0.000002388769
  24  46      0.00002778772
  24  48      0.000007049305
  24  50      0.00009711076
  24  73      0.0000006415549
  24  74      0.000001579512
  24  87      0.00004504535
  24  93      0.001716013
  25  28      0.02576561
  25  33      0.0000433721
  25  34      0.000006334045
  25  35      0.000600124
  25  39      0.002501411
  25  43      0.0004884729
  25  45      0.00005239007
  25  46      0.001038139
  25  47      0.0004380153
  25  48      0.001352694
  25  50      0.02211548
  25  51      0.007933659
  25  55      0.003242172
  25  57      0.0009136054
  25  58      0.0009458124
  25  60      0.00000376822
  25  61      0.0002125662
  25  62      0.0000376822
  25  63      0.0006548758
  25  64      0.0003682334
  25  65      0.003832634
  25  66      0.0001706971
  25  67      0.0007697475
  25  68      0.000009855345
  25  72      0.0004401624
  25  73      0.0002383319
  25  74      0.0005861676
  25  83      0.001234602
  25  86      0.007697475
  25  87      0.002533618
  25  91      0.00001674764
  25  92      0.3059666
  25  93      0.3059666
  26  28      0.004828884
  26  35      0.0003150615
  26  43      0.00003850752
  26  48      0.00008010387
  26  55      0.0004211116
  26  57      0.0001184055
  26  58      0.0001235535
  26  60      0.0000004900957
  26  61      0.00002769658
  26  62      0.00000489066
  26  63      0.00008525193
  26  64      0.00004787699
  26  65      0.0004993622
  26  66      0.00002223964
  26  67      0.0001001813
  26  68      0.000001287016
  26  72      0.00005724647
  26  73      0.00003099134
  26  74      0.0000762943
  26  83      0.002676993
  26  86      0.0008473713
  26  87      0.003202096
  26  91      0.000002182779
  26  92      0.05621686
  27  28      0.0004006166
  27  33      0.000005299495
  27  34      0.0000002470995
  27  35      0.00005604426
  27  43      0.00002260697
  27  46      0.0002639232
  27  48      0.00003133432
  27  50      0.00123024
  27  55      0.00008254174
  27  57      0.00002323786
  27  58      0.00002407905
  27  60      0.00000009589562
  27  61      0.000005425673
  27  62      0.0000009579046
  27  63      0.00001671864
  27  64      0.000009368749
  27  65      0.00009768314
  27  66      0.000004363671
  27  67      0.00001955766
  27  68      0.0000002513054
  27  72      0.00001125091
  27  73      0.000006077595
  27  74      0.00001493112
  27  86      0.000166135
  27  87      0.0004258523
  27  91      0.0000008538075
  27  93      0.02250182
  28  33      0.0003198136
  28  34      0.0000005373299
  28  35      0.0001227567
  28  43      0.00004921037
  28  46      0.0005739416
  28  47      0.0001949032
  28  48      0.00006837765
  28  50      0.003036614
  28  55      0.0001798279
  28  57      0.00005071791
  28  58      0.0000525485
  28  60      0.0000002089018
  28  61      0.00001184495
  28  62      0.000002089018
  28  63      0.00003639629
  28  64      0.00002045946
  28  65      0.0002132091
  28  66      0.000009497496
  28  67      0.0000427495
  28  68      0.0000005470213
  28  72      0.00002444367
  28  73      0.0000132448
  28  74      0.00003251977
  28  83      0.0002745874
  28  86      0.0003618093
  28  87      0.0009282132
  28  91      0.000001862887
  28  93      0.02067482
  29  43      0.000005096591
  29  45      0.0002587201
  29  48      0.00001410316
  29  49      0.001517306
  29  53      0.000354038
  29  55      0.00001857727
  29  57      0.00001050442
  29  58      0.000005437012
  29  59      0.00007314192
  29  63      0.000003764085
  29  64      0.000002110611
  29  65      0.00002207874
  29  66      0.0000009823582
  29  72      0.000002528843
  29  83      0.00001624295
  29  86      0.00005252213
  29  87      0.00009035751
  29  93      0.003715454
  30  21      0.001557889
  30  22      0.005996404
  30  36      0.0003595883
  30  37      0.001126775
  30  39      0.00140112
  30  40      0.0002037993
  30  42      0.0006986007
  30  45      0.0001567687
  30  46      0.00004036795
  30  49      0.004879427
  30  55      0.00001548091
  30  59      0.00003037394
  30  63      0.000003125576
  30  64      0.00000175385
  30  65      0.00001832235
  30  72      0.000002096782
  30  73      0.000001136573
  30  74      0.000002792443
  30  86      0.00003105981
  30  93      0.005996404
  31  26      0.001632005
  31  32      0.006518476
  31  39      0.006690266
  31  40      0.000154611
  31  42      0.003836643
  31  45      0.0000326401
  31  53      0.0003550327
  31  55      0.001097547
  31  56      0.006823881
  31  59      0.008083674
  31  63      0.0002080568
  31  64      0.0001164354
  31  65      0.001221618
  31  66      0.00005430473
  31  67      0.0002443236
  31  68      0.000003130396
  31  70      0.00001966041
  31  72      0.0001393408
  31  73      0.00007568304
  31  74      0.0001861058
  31  75      0.000002557762
  31  77      0.0000257685
  31  78      0.00008398623
  31  79      0.0001479303
  31  80      0.02023304
  31  83      0.01880146
  31  84      0.0001851514
  31  85      0.0001966041
  31  86      0.009133502
  31  87      0.0125025
  31  92      0.1555654
  31  93      0.01727444
  32  56      0.00006551406
  32  59      0.00003879868
  32  77      0.0000002473298
  32  78      0.0000008071257
  32  79      0.00000141601
  32  80      0.0001793613
  32  83      0.00003011381
  32  86      0.00003974268
  32  87      0.0001019527
  32  92      0.001991854
  33  93      0.0003765815
  34  33      0.000002678537
  34  92      0.000004060323
  34  93      0.00001466818
  35  44      0.00001686971
  35  57      0.000022086
  35  58      0.00006403832
  35  63      0.000008690121
  35  71      0.000001542691
  35  93      0.0005671331
  36  33      0.000001404851
  36  35      0.000001135427
  36  38      0.00000589845
  36  43      0.0000004166442
  36  44      0.00003300437
  36  46      0.000004849622
  36  48      0.00001606919
  36  50      0.0007351412
  36  54      0.000008140437
  36  55      0.00001693519
  36  57      0.00004320398
  36  60      0.0000003454394
  36  61      0.0001068072
  36  62      0.00001885964
  36  63      0.00001703141
  36  64      0.000007139722
  36  65      0.00007197455
  36  68      0.000002193877
  36  72      0.000005840716
  36  73      0.0000008765884
  36  74      0.000006572008
  36  90      0.000001645408
  36  93      0.002530656
  37  33      0.000006180381
  37  35      0.000005015493
  37  38      0.00002599428
  37  39      0.000004681126
  37  43      0.000001833621
  37  44      0.0001456111
  37  46      0.00002135629
  37  48      0.00007194266
  37  50      0.003235802
  37  54      0.00003580954
  37  55      0.0000745313
  37  57      0.0001909123
  37  60      0.000001520827
  37  61      0.0001175675
  37  62      0.00002070913
  37  63      0.00007496274
  37  64      0.00003149514
  37  65      0.0003171086
  37  68      0.00000483213
  37  72      0.00002567069
  37  73      0.00000386139
  37  74      0.00002901436
  37  87      0.00003462308
  37  90      0.000004842916
  37  93      0.005986233
  38  33      0.000004871838
  38  44      0.0001140453
  38  54      0.00002823451
  38  55      0.0000586835
  38  57      0.0001494768
  38  58      0.0002181255
  38  60      0.000001195815
  38  61      0.0001849084
  38  62      0.00003266346
  38  63      0.00005901567
  38  68      0.000007617783
  38  71      0.000005237226
  38  90      0.000001904446
  38  93      0.007130599
  39  33      0.00002114382
  39  35      0.0000171063
  39  38      0.00008882528
  39  43      0.000006268769
  39  44      0.0004961891
  39  45      0.00002560633
  39  46      0.00009073778
  39  48      0.0002411882
  39  50      0.01105003
  39  54      0.0001221879
  39  55      0.0002826259
  39  57      0.0007225022
  39  60      0.000005780018
  39  61      0.0008903777
  39  62      0.0001572505
  39  63      0.0002847509
  39  64      0.0002390632
  39  65      0.002411883
  39  66      0.000007777524
  39  67      0.00003155635
  39  68      0.00001838131
  39  72      0.0001955006
  39  73      0.00002932509
  39  74      0.0002199382
  39  86      0.00005110641
  39  87      0.0001317504
  39  90      0.000009190654
  39  93      0.01328129
  40  33      0.000001090989
  40  35      0.0000008869335
  40  39      0.000004384159
  40  43      0.0000003242661
  40  44      0.00002565844
  40  45      0.000001333431
  40  46      0.000003788156
  40  48      0.00001252617
  40  50      0.0005737793
  40  54      0.000006343898
  40  55      0.00001323329
  40  57      0.00003373984
  40  60      0.0000002687065
  40  61      0.00004151819
  40  62      0.00000733387
  40  63      0.00002646658
  40  64      0.00001111192
  40  65      0.0001121294
  40  68      0.0000008546079
  40  72      0.000009101676
  40  73      0.000001363736
  40  74      0.00001020277
  40  93      0.001808213
  41  33      0.000003148823
  41  35      0.00000255003
  41  43      0.0000009343227
  41  44      0.00007402314
  41  48      0.00003603079
  41  50      0.001651841
  41  55      0.00004222519
  41  57      0.0001073697
  41  60      0.0000008610223
  41  61      0.000265327
  41  62      0.000046871
  41  63      0.00004243167
  41  64      0.00003561783
  41  65      0.0003592755
  41  66      0.000001156289
  41  67      0.000004707748
  41  68      0.000002735862
  41  72      0.00002911371
  41  73      0.000004367055
  41  74      0.00003283035
  41  90      0.000001373093
  41  93      0.004201871
  42  33      0.000007638573
  42  35      0.000006195296
  42  38      0.00003210557
  42  43      0.0000001580733
  42  44      0.0001796734
  42  48      0.00008748032
  42  50      0.004005833
  42  54      0.00004418198
  42  55      0.00009219307
  42  57      0.0002356372
  42  60      0.000001885098
  42  61      0.0002906193
  42  62      0.0000512511
  42  63      0.00009268397
  42  64      0.00007785847
  42  65      0.0007844755
  42  66      0.0000025331
  42  67      0.00001030913
  42  68      0.000005979295
  42  72      0.00006362205
  42  73      0.000009553126
  42  74      0.000071673
  42  87      0.00004280743
  42  90      0.000008973851
  42  93      0.007805483
  43  33      0.0000009117885
  43  44      0.00002142154
  43  57      0.00002812263
  43  58      0.00004075585
  43  63      0.00002208066
  43  64      0.000004646825
  43  71      0.0000009809966
  43  90      0.000001071077
  43  93      0.0008524674
  44  58      0.0001930062
  44  71      0.000004649695
  44  90      0.0000008465954
  44  93      0.003147317
  45  35      0.0000003268736
  45  43      0.000002227368
  45  48      0.00000458973
  45  55      0.00001947742
  45  57      0.00005120055
  45  58      0.00009594077
  45  60      0.00000004965778
  45  61      0.000007655976
  45  62      0.00000134992
  45  63      0.00000488864
  45  64      0.000002053807
  45  65      0.00002073092
  45  68      0.0000003153028
  45  71      0.0000002169515
  45  72      0.000001677758
  45  85      0.00001658474
  45  86      0.00001099221
  45  87      0.00003827988
  45  93      0.0001562051
  46  33      0.000004977227
  46  35      0.000004033441
  46  43      0.0000001112673
  46  44      0.0001142477
  46  48      0.00005682581
  46  50      0.004927553
  46  54      0.00002881029
  46  55      0.00006666105
  46  57      0.0001698814
  46  58      0.0002473711
  46  60      0.000001361038
  46  61      0.0004192394
  46  62      0.00007411199
  46  63      0.00006695909
  46  64      0.00002811487
  46  65      0.0002831356
  46  67      0.000003715534
  46  68      0.000008643087
  46  71      0.000005940881
  46  72      0.00002294889
  46  73      0.000003457235
  46  74      0.00002592926
  46  87      0.00003089655
  46  90      0.000004331478
  46  92      0.001261692
  46  93      0.00119215
  47  33      0.000002515346
  47  35      0.000002038298
  47  44      0.00005908896
  47  55      0.00003035763
  47  57      0.00007752037
  47  58      0.0001127569
  47  60      0.0000006190788
  47  61      0.00009551812
  47  62      0.00001691354
  47  63      0.00003046605
  47  68      0.000001962404
  47  71      0.000002699661
  47  90      0.00000393565
  47  93      0.004228384
  48  33      0.000002832009
  48  35      0.000002292054
  48  44      0.00006655773
  48  57      0.00008716418
  48  58      0.0001267242
  48  60      0.0000006964319
  48  61      0.00010744
  48  62      0.00001895353
  48  63      0.00003427062
  48  68      0.000002214918
  48  71      0.00000304138
  48  90      0.000001101949
  48  93      0.003019341
  49  33      0.00004920092
  49  35      0.00003981981
  49  44      0.001157669
  49  48      0.0005618685
  49  50      0.01287408
  49  54      0.0002854252
  49  55      0.0005928062
  49  57      0.001516945
  49  58      0.002195579
  49  60      0.00001207568
  49  63      0.0005958002
  49  64      0.0004999932
  49  65      0.005049831
  49  66      0.00001626724
  49  67      0.00006606696
  49  68      0.00007684525
  49  71      0.000105787
  49  72      0.000409176
  49  73      0.00006137641
  49  74      0.0004610715
  49  86      0.000106785
  49  87      0.0002754453
  49  90      0.00009620626
  49  93      0.08852173
  50  33      0.00004639999
  50  35      0.00003761868
  50  44      0.001094953
  50  55      0.0005594018
  50  57      0.00145271
  50  58      0.002103177
  50  60      0.00001138318
  50  61      0.003523364
  50  62      0.0006222803
  50  63      0.0005626541
  50  68      0.00007252709
  50  71      0.00009973831
  50  86      0.0001011476
  50  87      0.0002601869
  50  90      0.00005453084
  50  93      0.07437009
  51  33      0.00004584482
  51  35      0.00003712784
  51  43      0.000001775679
  51  44      0.001074017
  51  48      0.0005230183
  51  54      0.0002647377
  51  55      0.0005520749
  51  57      0.001442067
  51  58      0.002077007
  51  60      0.00001129978
  51  61      0.003476027
  51  62      0.0006144927
  51  63      0.0005553034
  51  64      0.0002335287
  51  66      0.00001517399
  51  68      0.00007156526
  51  71      0.0000984695
  51  86      0.00009986852
  51  87      0.0002561283
  51  90      0.00003583644
  51  93      0.0133445
  52  33      0.000001372479
  52  35      0.000001115139
  52  43      0.00001351034
  52  44      0.0000322747
  52  50      0.0007194791
  52  54      0.000007956088
  52  55      0.00001651263
  52  57      0.00004224661
  52  58      0.00006133264
  52  63      0.00001661986
  52  71      0.000002948685
  52  90      0.000002680622
  52  93      0.003163135
  53  33      0.000001562727
  53  35      0.000001269716
  53  43      0.000000370171
  53  44      0.00003672408
  53  46      0.000005410942
  53  48      0.00001787369
  53  50      0.000819455
  53  54      0.000009063817
  53  55      0.00001885039
  53  57      0.00004815153
  53  60      0.0000003848216
  53  61      0.00002969181
  53  62      0.000005244903
  53  63      0.00003789613
  53  64      0.00001592028
  53  65      0.0001601795
  53  67      0.000002099915
  53  68      0.00000122088
  53  72      0.00001299017
  53  73      0.000001953409
  53  74      0.00001465057
  53  93      0.001318551
  54  33      0.00000219072
  54  35      0.000001770279
  54  44      0.00005133809
  54  55      0.0000263329
  54  57      0.00006738125
  54  58      0.00009780791
  54  60      0.0000005388287
  54  61      0.0001659637
  54  62      0.00002932025
  54  63      0.00002655419
  54  64      0.00001117489
  54  65      0.0001117489
  54  68      0.000003418852
  54  71      0.00000234562
  54  72      0.000009094809
  54  73      0.000001371966
  54  74      0.00001025655
  54  90      0.000003429916
  54  93      0.001139617
  55  58      0.0001935845
  55  63      0.00001133422
  55  64      0.000005907838
  55  70      0.00003951933
  55  76      0.00001544664
  55  80      0.0009568893
  55  84      0.00004674113
  55  85      0.00003109388
  55  86      0.0004964991
  55  92      0.008846712
  55  93      0.008846712
  56  57      0.00007299075
  56  58      0.00002439636
  56  59      0.0008895748
  56  63      0.000004879273
  56  64      0.000002538809
  56  65      0.00005484223
  56  70      0.000008499059
  56  72      0.0000267765
  56  76      0.000003322269
  56  92      0.002429719
  57  55      0.0004514612
  57  58      0.00007223379
  57  63      0.00001440834
  57  64      0.000007511546
  57  65      0.0001623339
  57  70      0.00002516656
  57  76      0.000009797668
  57  80      0.0008961985
  57  84      0.00002968117
  57  85      0.00001978745
  57  86      0.0003160228
  57  92      0.004197629
  57  93      0.004197629
  58  55      0.0002559465
  58  57      0.0001601027
  58  70      0.0000284264
  58  76      0.00001110917
  58  92      0.003713947
  58  93      0.003713947
  59  55      0.0006895045
  59  57      0.004058785
  59  58      0.0004420653
  59  63      0.00001809338
  59  64      0.000009418337
  59  65      0.0002034283
  59  70      0.00003159006
  59  72      0.00009975809
  59  76      0.00001232306
  59  80      0.0001193185
  59  86      0.0005163949
  59  87      0.0005447574
  59  92      0.002278788
  59  93      0.002278788
  60  92      0.000006624004
  60  93      0.000006624004
  61  71      0.000007366753
  61  92      0.001180004
  61  93      0.001180004
  62  71      0.000005213666
  62  92      0.0002076629
  62  93      0.0002076629
  63  71      0.000003461445
  63  84      0.0001226968
  63  85      0.000002284354
  63  86      0.0001316746
  63  88      0.000004778191
  63  92      0.00488792
  63  93      0.00488792
  64  57      0.0002194497
  64  58      0.00004369488
  64  70      0.0000004613321
  64  71      0.000007051652
  64  76      0.0000001804365
  64  84      0.0002487097
  64  85      0.000001160645
  64  86      0.00006700532
  64  88      0.000009714308
  64  92      0.002331044
  64  93      0.002331044
  65  57      0.0002983504
  65  58      0.00006066458
  65  70      0.00000392828
  65  71      0.000007508485
  65  76      0.000001541477
  65  84      0.0002655318
  65  85      0.000009915178
  65  86      0.0002854219
  65  88      0.00001034281
  65  92      0.02108343
  65  93      0.02108343
  66  55      0.00004746481
  66  57      0.0001585306
  66  58      0.00003085685
  66  70      0.0000003161175
  66  71      0.000004831408
  66  76      0.0000001236161
  66  84      0.00004265227
  66  85      0.000000797371
  66  86      0.00004595499
  66  88      0.000001660797
  66  92      0.0002934703
  66  93      0.0002878085
  67  55      0.00009662052
  67  57      0.0002927315
  67  58      0.00005969427
  67  70      0.0000006447746
  67  71      0.00000985338
  67  76      0.000000251596
  67  84      0.00008705414
  67  85      0.000001626286
  67  86      0.00009365495
  67  88      0.000003396068
  67  92      0.0004658831
  67  93      0.0004515335
  68  92      0.00003636697
  68  93      0.00003636697
  69  92      0.0002019937
  69  93      0.0002019937
  70  92      0.00001853057
  70  93      0.00001873995
  71  92      0.0000513074
  71  93      0.0000513074
  72  57      0.0002166549
  72  58      0.00004323383
  72  70      0.000000456627
  72  71      0.000006975705
  72  76      0.0000001787646
  72  84      0.00005217206
  72  85      0.000001156141
  72  86      0.00006635664
  72  88      0.000009618312
  72  92      0.0002603745
  72  93      0.0002603745
  73  58      0.00005376842
  73  70      0.0000001438586
  73  71      0.000002642508
  73  76      0.00000005621707
  73  84      0.0000193852
  73  92      0.00008192796
  73  93      0.00008192796
  74  57      0.0002149189
  74  58      0.00004278478
  74  70      0.0000004507327
  74  71      0.000008527107
  74  76      0.0000001761141
  74  84      0.0000404963
  74  92      0.0002567087
  74  93      0.0002567087
  75  92      0.0000004753934
  75  93      0.0000004753934
  76  92      0.000006360545
  76  93      0.000006360545
  77  84      0.000003596394
  77  88      0.0000008429048
  77  92      0.000006649582
  77  93      0.000006649582
  78  55      0.000005278347
  78  57      0.00001408181
  78  58      0.000003637024
  78  80      0.000004355103
  78  84      0.000005269021
  78  86      0.000003711629
  78  88      0.00000225682
  78  92      0.00002172888
  78  93      0.00002172888
  79  55      0.00000630647
  79  57      0.00001560459
  79  58      0.000003647227
  79  84      0.00001135719
  79  86      0.000001957499
  79  88      0.0000005549325
  79  92      0.00001292688
  79  93      0.00001292688
  80  92      0.02773808
  81  57      0.00001983224
  81  58      0.00006414639
  81  70      0.0000006727781
  81  71      0.000006651867
  81  76      0.0000002628484
  81  80      0.0005200033
  81  84      0.001821909
  81  88      0.0002267898
  81  92      0.008454799
  82  70      0.0000005301362
  82  71      0.000005240192
  82  76      0.000000206957
  82  84      0.0001835087
  82  88      0.00001121442
  82  92      0.007748144
  83  55      0.0002323561
  83  57      0.00001453462
  83  58      0.00007089334
  83  70      0.0000008117634
  83  71      0.000008028645
  83  76      0.0000003173886
  83  80      0.0006278559
  83  84      0.000469656
  83  85      0.00004518585
  83  88      0.00006842147
  83  92      0.02056599
  84  92      0.001146746
  85  92      0.0006098739
  86  88      0.0001031193
  86  92      0.01490882
  87  57      0.00000828773
  87  58      0.00005037029
  87  70      0.000002305609
  87  71      0.00002284838
  87  76      0.000000902511
  87  84      0.0001111262
  87  88      0.00001942112
  87  92      0.01048948
  88  92      0.0002567531
  89  85      0.000005850342
  89  88      0.0004848572
  89  92      0.0118209
  90  92      0.00003920105
  90  93      0.00003920105
  91  92      0.00005048198
  91  93      0.00005048198
  92   8    508.58240000000001
  92   9     45.0604
  92  10     27.05659
  92  11     18.91927
  92  12      0.03977114
  92  14      0.0400763
  92  15      0.289892
  92  16      0.05289257
  92  18      0.1708837
  92  19      0.02909091
  92  20      0.06316594
  92  21      0.06397967
  92  22      0.3356644
  92  23      0.3956771
  92  24      0.0008442468
  92  25      0.6347108
  92  26      0.05157026
  92  27      0.01322314
  92  28      0.0101513
  92  29      0.002237763
  92  30      0.009683409
  92  31      0.2664972
  92  34      0.00000003855055
  92  39      0.01088366
  92  40      0.001210426
  92  46      0.001291799
  92  52      0.001220598
  92  69      0.00179021
  92  80      0.02410681
  93   6      2.825638
  93   7      0.4868141
  93  12      0.03005547
  93  13      0.362994
  93  14      0.03037296
  93  16      0.04010924
  93  17      0.08043014
  93  18      0.1291115
  93  19      0.02201246
  93  20      0.04783477
  93  21      0.05026884
  93  22      0.2539899
  93  23      0.2994964
  93  24      0.000639208
  93  25      0.4804643
  93  27      0.01014901
  93  28      0.007778442
  93  29      0.001693266
  93  30      0.007249296
  93  34      0.00000004010925
  93  36      0.0005397286
  93  37      0.002963216
  93  39      0.008529829
  93  40      0.0009164804
  93  45      0.00009387045
  93  46      0.0009757447
  93  49      0.006593155
  93  51      0.00268806
  93  52      0.000926005
  93  53      0.0005841769
  93  92     29.63216
  93  94      3.174874
  94   6      8.168482
  94  13      0.002134016
